0	1	0	-0.197269	6.286
0.01	0.998027	0.06286	-0.591022	6.2612
0.02	0.992117	0.125472	-0.982425	6.2117
0.03	0.982293	0.187589	-1.36992	6.1377
0.04	0.968594	0.248966	-1.75198	6.0395
0.05	0.951074	0.309361	-2.12708	5.91749
0.06	0.929803	0.368536	-2.49372	5.77216
0.07	0.904866	0.426257	-2.85047	5.60411
0.08	0.876361	0.482298	-3.19591	5.414
0.09	0.844402	0.536438	-3.52867	5.2026
0.1	0.809115	0.588465	-3.84743	4.97076
0.11	0.770641	0.638172	-4.15096	4.71942
0.12	0.729131	0.685366	-4.43804	4.44956
0.13	0.684751	0.729862	-4.70756	4.16229
0.14	0.637675	0.771485	-4.95846	3.85874
0.15	0.588091	0.810072	-5.18977	3.54012
0.16	0.536193	0.845473	-5.40058	3.20771
0.17	0.482187	0.877551	-5.59008	2.86283
0.18	0.426287	0.906179	-5.75754	2.50685
0.19	0.368711	0.931247	-5.90232	2.14118
0.2	0.309688	0.952659	-6.02387	1.76727
0.21	0.249449	0.970332	-6.12174	1.38659
0.22	0.188232	0.984198	-6.19555	1.00065
0.23	0.126276	0.994204	-6.24504	0.610965
0.24	0.0638259	1.00031	-6.27005	0.219071
0.25	0.00112541	1.0025	-6.27049	-0.173496
0.26	-0.0615795	1.00077	-6.24639	-0.5652
0.27	-0.124043	0.995118	-6.19786	-0.954509
0.28	-0.186022	0.985573	-6.12512	-1.33991
0.29	-0.247273	0.972174	-6.02847	-1.71989
0.3	-0.307558	0.954975	-5.90831	-2.09298
0.31	-0.366641	0.934045	-5.76514	-2.45773
0.32	-0.424292	0.909468	-5.59952	-2.81273
0.33	-0.480287	0.88134	-5.41212	-3.15661
0.34	-0.534409	0.849774	-5.20369	-3.48804
0.35	-0.586446	0.814894	-4.97506	-3.80574
0.36	-0.636196	0.776836	-4.72712	-4.10849
0.37	-0.683467	0.735751	-4.46085	-4.39513
0.38	-0.728076	0.6918	-4.1773	-4.66455
0.39	-0.769849	0.645155	-3.87757	-4.91573
0.4	-0.808624	0.595997	-3.56283	-5.1477
0.41	-0.844253	0.54452	-3.23432	-5.35959
0.42	-0.876596	0.490924	-2.89331	-5.55057
0.43	-0.905529	0.435419	-2.54111	-5.71992
0.44	-0.93094	0.37822	-2.1791	-5.867
0.45	-0.952731	0.31955	-1.80867	-5.99124
0.46	-0.970818	0.259637	-1.43127	-6.09217
0.47	-0.985131	0.198716	-1.04834	-6.16941
0.48	-0.995614	0.137021	-0.661364	-6.22267
0.49	-1.00223	0.0747947	-0.271838	-6.25174
0.5	-1.00495	0.0122773	0.118738	-6.25651
0.51	-1.00376	-0.0502879	0.508856	-6.23697
0.52	-0.99867	-0.112658	0.897012	-6.19318
0.53	-0.9897	-0.174589	1.28171	-6.12532
0.54	-0.976883	-0.235843	1.66146	-6.03364
0.55	-0.960268	-0.296179	2.0348	-5.91849
0.56	-0.93992	-0.355364	2.40028	-5.78031
0.57	-0.915917	-0.413167	2.7565	-5.61962
0.58	-0.888352	-0.469363	3.10206	-5.43704
0.59	-0.857332	-0.523733	3.43564	-5.23326
0.6	-0.822975	-0.576066	3.75594	-5.00906
0.61	-0.785416	-0.626157	4.0617	-4.7653
0.62	-0.744799	-0.67381	4.35174	-4.5029
0.63	-0.701282	-0.718839	4.62492	-4.22288
0.64	-0.655033	-0.761068	4.88017	-3.92631
0.65	-0.606231	-0.800331	5.11649	-3.61432
0.66	-0.555066	-0.836474	5.33295	-3.28812
0.67	-0.501736	-0.869355	5.5287	-2.94896
0.68	-0.446449	-0.898845	5.70294	-2.59815
0.69	-0.38942	-0.924826	5.85499	-2.23704
0.7	-0.33087	-0.947197	5.98424	-1.86704
0.71	-0.271028	-0.965867	6.09016	-1.48957
0.72	-0.210126	-0.980763	6.17232	-1.10611
0.73	-0.148403	-0.991824	6.23037	-0.718141
0.74	-0.0860992	-0.999005	6.26406	-0.327182
0.75	-0.0234586	-1.00228	6.27325	0.0652425
0.76	0.0392739	-1.00162	6.25786	0.457596
0.77	0.101853	-0.997049	6.21795	0.84834
0.78	0.164032	-0.988565	6.15363	1.23594
0.79	0.225568	-0.976206	6.06515	1.61887
0.8	0.28622	-0.960017	5.95282	1.99562
0.81	0.345748	-0.940061	5.81708	2.36471
0.82	0.403919	-0.916414	5.65842	2.72466
0.83	0.460503	-0.889167	5.47747	3.07407
0.84	0.515278	-0.858426	5.2749	3.41153
0.85	0.568027	-0.824311	5.05151	3.73571
0.86	0.618542	-0.786954	4.80816	4.04531
0.87	0.666623	-0.746501	4.54581	4.33911
0.88	0.712082	-0.70311	4.26546	4.61592
0.89	0.754736	-0.656951	3.96823	4.87464
0.9	0.794418	-0.608204	3.65528	5.11424
0.91	0.830971	-0.557062	3.32784	5.33374
0.92	0.86425	-0.503724	2.9872	5.53228
0.93	0.894122	-0.448402	2.63471	5.70906
0.94	0.920469	-0.391311	2.27176	5.86335
0.95	0.943186	-0.332678	1.89979	5.99455
0.96	0.962184	-0.272732	1.52028	6.10213
0.97	0.977387	-0.211711	1.13473	6.18564
0.98	0.988734	-0.149854	0.744663	6.24476
0.99	0.996181	-0.0874067	0.351643	6.27924
1	0.999697	-0.0246143	-0.0427746	6.28896
1.01	0.99927	0.0382753	-0.437021	6.27385
1.02	0.994899	0.101014	-0.829529	6.234
1.03	0.986604	0.163354	-1.21874	6.16956
1.04	0.974417	0.225049	-1.6031	6.08079
1.05	0.958386	0.285857	-1.9811	5.96804
1.06	0.938575	0.345538	-2.35122	5.83178
1.07	0.915063	0.403856	-2.71201	5.67255
1.08	0.887942	0.460581	-3.06204	5.49099
1.09	0.857322	0.515491	-3.39991	5.28783
1.1	0.823323	0.568369	-3.7243	5.06389
1.11	0.78608	0.619008	-4.03393	4.82007
1.12	0.745741	0.667209	-4.32758	4.55735
1.13	0.702465	0.712782	-4.6041	4.27676
1.14	0.656424	0.75555	-4.86241	3.97945
1.15	0.6078	0.795345	-5.10149	3.66659
1.16	0.556785	0.832011	-5.32043	3.33944
1.17	0.50358	0.865405	-5.51836	2.99929
1.18	0.448397	0.895398	-5.69453	2.6475
1.19	0.391452	0.921873	-5.84826	2.28546
1.2	0.332969	0.944728	-5.97896	1.91462
1.21	0.273179	0.963874	-6.08615	1.53642
1.22	0.212318	0.979238	-6.16942	1.15237
1.23	0.150624	0.990762	-6.22847	0.763986
1.24	0.0883389	0.998402	-6.26308	0.372788
1.25	0.0257081	1.00213	-6.27315	-0.0196871
1.26	-0.0370233	1.00193	-6.25866	-0.4119
1.27	-0.0996099	0.997814	-6.21968	-0.802318
1.28	-0.161807	0.98979	-6.1564	-1.18942
1.29	-0.223371	0.977896	-6.06908	-1.57169
1.3	-0.284062	0.962179	-5.95809	-1.94764
1.31	-0.343642	0.942703	-5.82388	-2.31582
1.32	-0.401881	0.919545	-5.66699	-2.6748
1.33	-0.458551	0.892797	-5.48805	-3.02319
1.34	-0.513432	0.862565	-5.28778	-3.35965
1.35	-0.566309	0.828968	-5.06697	-3.68287
1.36	-0.616979	0.79214	-4.82649	-3.99162
1.37	-0.665244	0.752223	-4.5673	-4.2847
1.38	-0.710917	0.709376	-4.2904	-4.561
1.39	-0.753821	0.663766	-3.99689	-4.81945
1.4	-0.79379	0.615572	-3.6879	-5.05906
1.41	-0.830669	0.564981	-3.36465	-5.27892
1.42	-0.864315	0.512192	-3.02839	-5.47819
1.43	-0.894599	0.45741	-2.68042	-5.65611
1.44	-0.921403	0.400849	-2.3221	-5.81199
1.45	-0.944624	0.342729	-1.95481	-5.94525
1.46	-0.964173	0.283277	-1.57998	-6.05538
1.47	-0.979972	0.222723	-1.19904	-6.14196
1.48	-0.991963	0.161303	-0.813478	-6.20465
1.49	-1.0001	0.0992567	-0.424775	-6.24323
1.5	-1.00435	0.0368244	-0.0344322	-6.25754
1.51	-1.00469	-0.025751	0.356046	-6.24753
1.52	-1.00113	-0.0882263	0.745152	-6.21324
1.53	-0.993678	-0.150359	1.13138	-6.1548
1.54	-0.982364	-0.211907	1.51325	-6.07243
1.55	-0.967231	-0.272631	1.88929	-5.96644
1.56	-0.948338	-0.332295	2.25803	-5.83723
1.57	-0.925758	-0.390668	2.61805	-5.6853
1.58	-0.899578	-0.447521	2.96796	-5.51123
1.59	-0.869898	-0.502633	3.3064	-5.31567
1.6	-0.836834	-0.55579	3.63206	-5.09938
1.61	-0.800513	-0.606783	3.94368	-4.86318
1.62	-0.761077	-0.655415	4.24002	-4.60798
1.63	-0.718676	-0.701495	4.51995	-4.33474
1.64	-0.673477	-0.744842	4.78237	-4.04452
1.65	-0.625653	-0.785288	5.02624	-3.73843
1.66	-0.575391	-0.822672	5.2506	-3.41764
1.67	-0.522885	-0.856848	5.45457	-3.0834
1.68	-0.468339	-0.887682	5.63733	-2.73699
1.69	-0.411966	-0.915052	5.79817	-2.37975
1.7	-0.353984	-0.93885	5.93643	-2.01305
1.71	-0.29462	-0.95898	6.05155	-1.63832
1.72	-0.234104	-0.975364	6.14307	-1.25702
1.73	-0.172674	-0.987934	6.2106	-0.870631
1.74	-0.110568	-0.99664	6.25387	-0.480651
1.75	-0.048029	-1.00145	6.27267	-0.088606
1.76	0.0146977	-1.00233	6.26691	0.30397
1.77	0.0773668	-0.999293	6.2366	0.69554
1.78	0.139733	-0.992338	6.18182	1.08457
1.79	0.201551	-0.981492	6.10277	1.46952
1.8	0.262579	-0.966797	5.99973	1.84888
1.81	0.322576	-0.948308	5.8731	2.22116
1.82	0.381307	-0.926096	5.72335	2.58487
1.83	0.438541	-0.900248	5.55104	2.93858
1.84	0.494051	-0.870862	5.35685	3.28089
1.85	0.547619	-0.838053	5.14151	3.61044
1.86	0.599034	-0.801948	4.90586	3.92591
1.87	0.648093	-0.762689	4.65082	4.22604
1.88	0.694601	-0.720429	4.37739	4.50964
1.89	0.738375	-0.675333	4.08662	4.77558
1.9	0.779241	-0.627577	3.77968	5.02279
1.91	0.817038	-0.577349	3.45775	5.25027
1.92	0.851616	-0.524846	3.12212	5.45712
1.93	0.882837	-0.470275	2.7741	5.64251
1.94	0.910578	-0.41385	2.41507	5.80568
1.95	0.934728	-0.355793	2.04645	5.94599
1.96	0.955193	-0.296333	1.66971	6.06287
1.97	0.97189	-0.235704	1.28634	6.15585
1.98	0.984753	-0.174146	0.897853	6.22455
1.99	0.993732	-0.111901	0.505803	6.26869
2	0.99879	-0.0492137	0.111746	6.28811
2.01	0.999907	0.0136674	-0.282754	6.28272
2.02	0.99708	0.0764946	-0.676128	6.25254
2.03	0.990319	0.13902	-1.06681	6.19769
2.04	0.979651	0.200997	-1.45325	6.11841
2.05	0.965118	0.262181	-1.83392	6.015
2.06	0.946779	0.322331	-2.2073	5.88788
2.07	0.924706	0.38121	-2.57191	5.73757
2.08	0.898987	0.438585	-2.92631	5.56467
2.09	0.869724	0.494232	-3.26909	5.36988
2.1	0.837033	0.547931	-3.59891	5.15397
2.11	0.801044	0.599471	-3.91446	4.91783
2.12	0.761899	0.648649	-4.21451	4.66238
2.13	0.719754	0.695273	-4.49786	4.38867
2.14	0.674775	0.739159	-4.76341	4.09778
2.15	0.627141	0.780137	-5.01013	3.79087
2.16	0.57704	0.818046	-5.23706	3.46917
2.17	0.524669	0.852738	-5.4433	3.13396
2.18	0.470236	0.884077	-5.62808	2.78657
2.19	0.413955	0.911943	-5.79066	2.42839
2.2	0.356049	0.936227	-5.93045	2.06083
2.21	0.296744	0.956835	-6.0469	1.68535
2.22	0.236275	0.973688	-6.13957	1.30342
2.23	0.17488	0.986723	-6.20814	0.916567
2.24	0.112798	0.995888	-6.25234	0.526299
2.25	0.0502749	1.00115	-6.27203	0.134153
2.26	-0.0124455	1.00249	-6.26716	-0.258333
2.27	-0.0751171	0.99991	-6.23777	-0.649625
2.28	-0.137495	0.993413	-6.18399	-1.03819
2.29	-0.199335	0.983031	-6.10605	-1.42252
2.3	-0.260395	0.968806	-6.00429	-1.80112
2.31	-0.320438	0.950795	-5.87913	-2.17251
2.32	-0.379229	0.92907	-5.73106	-2.53525
2.33	-0.43654	0.903717	-5.56069	-2.88795
2.34	-0.492147	0.874838	-5.3687	-3.22923
2.35	-0.545834	0.842546	-5.15585	-3.55779
2.36	-0.597392	0.806968	-4.92298	-3.87235
2.37	-0.646622	0.768244	-4.67102	-4.1717
2.38	-0.693332	0.726527	-4.40094	-4.45471
2.39	-0.737342	0.68198	-4.11382	-4.72027
2.4	-0.77848	0.634778	-3.81077	-4.96738
2.41	-0.816588	0.585104	-3.49297	-5.19509
2.42	-0.851518	0.533153	-3.16167	-5.40253
2.43	-0.883134	0.479128	-2.81814	-5.5889
2.44	-0.911316	0.423238	-2.46372	-5.7535
2.45	-0.935953	0.365703	-2.09979	-5.8957
2.46	-0.956951	0.306746	-1.72774	-6.01496
2.47	-0.974228	0.246597	-1.34903	-6.11082
2.48	-0.987718	0.185489	-0.965108	-6.18292
2.49	-0.99737	0.123659	-0.57746	-6.23098
2.5	-1.00314	0.0613496	-0.187582	-6.25483
2.51	-1.00502	-0.00119867	0.203023	-6.25436
2.52	-1.00299	-0.0637423	0.592848	-6.22959
2.53	-0.997061	-0.126038	0.980388	-6.1806
2.54	-0.987257	-0.187844	1.36415	-6.10758
2.55	-0.973616	-0.24892	1.74265	-6.01081
2.56	-0.956189	-0.309028	2.11442	-5.89066
2.57	-0.935045	-0.367935	2.47804	-5.74758
2.58	-0.910265	-0.42541	2.83208	-5.58211
2.59	-0.881944	-0.481231	3.17519	-5.3949
2.6	-0.850192	-0.53518	3.50602	-5.18664
2.61	-0.815132	-0.587047	3.8233	-4.95815
2.62	-0.776899	-0.636628	4.12578	-4.71028
2.63	-0.735641	-0.683731	4.41229	-4.44398
2.64	-0.691518	-0.728171	4.68171	-4.16029
2.65	-0.644701	-0.769774	4.93297	-3.86028
2.66	-0.595371	-0.808377	5.1651	-3.54511
2.67	-0.54372	-0.843828	5.37717	-3.21598
2.68	-0.489948	-0.875988	5.56835	-2.87417
2.69	-0.434265	-0.904729	5.73787	-2.521
2.7	-0.376886	-0.929939	5.88505	-2.15784
2.71	-0.318036	-0.951518	6.00931	-1.78608
2.72	-0.257943	-0.969378	6.11013	-1.40717
2.73	-0.196841	-0.98345	6.18711	-1.02258
2.74	-0.13497	-0.993676	6.23992	-0.633812
2.75	-0.0725711	-1.00001	6.26832	-0.242382
2.76	-0.00988791	-1.00244	6.27219	0.150182
2.77	0.052834	-1.00094	6.25149	0.542341
2.78	0.115349	-0.995513	6.20628	0.932558
2.79	0.177412	-0.986187	6.13671	1.3193
2.8	0.238779	-0.972994	6.04302	1.70104
2.81	0.299209	-0.955984	5.92558	2.07628
2.82	0.358465	-0.935221	5.78482	2.44353
2.83	0.416313	-0.910785	5.62126	2.80134
2.84	0.472526	-0.882772	5.43555	3.14829
2.85	0.526881	-0.851289	5.22839	3.483
2.86	0.579165	-0.816459	5.00058	3.80414
2.87	0.629171	-0.778418	4.75302	4.11044
2.88	0.676701	-0.737313	4.48666	4.40066
2.89	0.721568	-0.693307	4.20254	4.67365
2.9	0.763593	-0.64657	3.90178	4.92831
2.91	0.802611	-0.597287	3.58557	5.16363
2.92	0.838467	-0.545651	3.25514	5.37867
2.93	0.871018	-0.491864	2.9118	5.57255
2.94	0.900136	-0.436139	2.55691	5.7445
2.95	0.925705	-0.378694	2.19187	5.89384
2.96	0.947624	-0.319755	1.81813	6.01995
2.97	0.965805	-0.259556	1.43717	6.12233
2.98	0.980177	-0.198332	1.0505	6.20057
2.99	0.990682	-0.136327	0.659657	6.25435
3	0.997278	-0.0737833	0.266198	6.28346
