0	1	0	0	0	0	6.286	0	0
0.01	1	0.06286	0	0	-0.39221	6.26135	1.17801e-06	7.40498e-08
0.02	0.996078	0.125473	1.17801e-08	7.40498e-10	-0.78058	6.21242	2.34449e-06	2.20988e-07
0.03	0.988272	0.187598	3.5225e-08	2.95038e-09	-1.16365	6.13971	3.49504e-06	4.3939e-07
0.04	0.976636	0.248995	7.01753e-08	7.34427e-09	-1.54	6.04376	4.62543e-06	7.27584e-07
0.05	0.961236	0.309432	1.1643e-07	1.46201e-08	-1.9083	5.9252	5.73161e-06	1.08368e-06
0.06	0.942153	0.368684	1.73746e-07	2.54569e-08	-2.26724	5.78474	6.8097e-06	1.50556e-06
0.07	0.91948	0.426532	2.41843e-07	4.05124e-08	-2.61561	5.62313	7.85603e-06	1.99093e-06
0.08	0.893324	0.482763	3.20403e-07	6.04218e-08	-2.95224	5.44121	8.86711e-06	2.53733e-06
0.09	0.863802	0.537175	4.09074e-07	8.57951e-08	-3.27604	5.23985	9.83964e-06	3.14212e-06
0.1	0.831041	0.589574	5.0747e-07	1.17216e-07	-3.58597	5.01997	1.07705e-05	3.80254e-06
0.11	0.795182	0.639773	6.15176e-07	1.55242e-07	-3.88109	4.78253	1.16569e-05	4.51569e-06
0.12	0.756371	0.687599	7.31745e-07	2.00399e-07	-4.16048	4.52854	1.24961e-05	5.27855e-06
0.13	0.714766	0.732884	8.56706e-07	2.53184e-07	-4.42333	4.25903	1.32856e-05	6.08804e-06
0.14	0.670533	0.775475	9.89561e-07	3.14064e-07	-4.66887	3.97507	1.4023e-05	6.94094e-06
0.15	0.623844	0.815225	1.12979e-06	3.83474e-07	-4.8964	3.67773	1.47064e-05	7.83399e-06
0.16	0.57488	0.852002	1.27686e-06	4.61814e-07	-5.10529	3.36814	1.53338e-05	8.76385e-06
0.17	0.523827	0.885684	1.43019e-06	5.49452e-07	-5.29498	3.04742	1.59036e-05	9.72715e-06
0.18	0.470877	0.916158	1.58923e-06	6.46724e-07	-5.46495	2.71671	1.64141e-05	1.07204e-05
0.19	0.416228	0.943325	1.75337e-06	7.53928e-07	-5.61477	2.37718	1.68641e-05	1.17402e-05
0.2	0.36008	0.967097	1.92201e-06	8.7133e-07	-5.74404	2.02998	1.72523e-05	1.2783e-05
0.21	0.30264	0.987397	2.09454e-06	9.99161e-07	-5.85244	1.6763	1.75779e-05	1.38453e-05
0.22	0.244115	1.00416	2.27031e-06	1.13761e-06	-5.93971	1.31731	1.784e-05	1.49236e-05
0.23	0.184718	1.01733	2.44871e-06	1.28685e-06	-6.00564	0.954203	1.80381e-05	1.60142e-05
0.24	0.124662	1.02687	2.6291e-06	1.44699e-06	-6.05008	0.588167	1.81715e-05	1.71136e-05
0.25	0.0641609	1.03276	2.81081e-06	1.61813e-06	-6.07292	0.220391	1.82401e-05	1.82182e-05
0.26	0.0034317	1.03496	2.99321e-06	1.80031e-06	-6.07415	-0.147937	1.82438e-05	1.93245e-05
0.27	-0.0573098	1.03348	3.17565e-06	1.99355e-06	-6.05375	-0.515629	1.81826e-05	2.04288e-05
0.28	-0.117847	1.02832	3.35748e-06	2.19784e-06	-6.01182	-0.881501	1.80566e-05	2.15277e-05
0.29	-0.177966	1.01951	3.53804e-06	2.41312e-06	-5.94848	-1.24437	1.78664e-05	2.26176e-05
0.3	-0.23745	1.00707	3.71671e-06	2.63929e-06	-5.8639	-1.60307	1.76123e-05	2.3695e-05
0.31	-0.296089	0.991035	3.89283e-06	2.87624e-06	-5.75833	-1.95642	1.72953e-05	2.47563e-05
0.32	-0.353673	0.971471	4.06578e-06	3.12381e-06	-5.63205	-2.30328	1.6916e-05	2.57981e-05
0.33	-0.409993	0.948438	4.23494e-06	3.38179e-06	-5.48542	-2.64249	1.64756e-05	2.68169e-05
0.34	-0.464847	0.922013	4.3997e-06	3.64996e-06	-5.31883	-2.97291	1.59752e-05	2.78093e-05
0.35	-0.518036	0.892284	4.55945e-06	3.92805e-06	-5.13274	-3.29343	1.54163e-05	2.8772e-05
0.36	-0.569363	0.85935	4.71361e-06	4.21577e-06	-4.92767	-3.60294	1.48004e-05	2.97016e-05
0.37	-0.61864	0.823321	4.86162e-06	4.51279e-06	-4.7042	-3.90034	1.41292e-05	3.05949e-05
0.38	-0.665682	0.784317	5.00291e-06	4.81873e-06	-4.46296	-4.18457	1.34046e-05	3.14486e-05
0.39	-0.710311	0.742471	5.13695e-06	5.13322e-06	-4.20464	-4.45459	1.26287e-05	3.22596e-05
0.4	-0.752358	0.697926	5.26324e-06	5.45582e-06	-3.92998	-4.70937	1.18038e-05	3.30248e-05
0.41	-0.791658	0.650832	5.38128e-06	5.78606e-06	-3.63981	-4.94792	1.09322e-05	3.37413e-05
0.42	-0.828056	0.601353	5.4906e-06	6.12348e-06	-3.33499	-5.16928	1.00167e-05	3.44062e-05
0.43	-0.861406	0.54966	5.59077e-06	6.46754e-06	-3.01646	-5.37253	9.06e-06	3.50166e-05
0.44	-0.89157	0.495935	5.68137e-06	6.8177e-06	-2.6852	-5.55679	8.06506e-06	3.557e-05
0.45	-0.918422	0.440367	5.76202e-06	7.17341e-06	-2.34228	-5.72121	7.03509e-06	3.60639e-05
0.46	-0.941845	0.383155	5.83237e-06	7.53404e-06	-1.9888	-5.865	5.97341e-06	3.64958e-05
0.47	-0.961733	0.324505	5.8921e-06	7.899e-06	-1.62595	-5.98743	4.88356e-06	3.68635e-05
0.48	-0.977993	0.26463	5.94094e-06	8.26764e-06	-1.25494	-6.08782	3.76923e-06	3.7165e-05
0.49	-0.990542	0.203752	5.97863e-06	8.63929e-06	-0.877066	-6.16554	2.63428e-06	3.73985e-05
0.5	-0.999313	0.142097	6.00497e-06	9.01327e-06	-0.493675	-6.22006	1.48276e-06	3.75622e-05
0.51	-1.00425	0.0798961	6.0198e-06	9.38889e-06	-0.106159	-6.25088	3.18849e-07	3.76548e-05
0.52	-1.00531	0.0173873	6.02299e-06	9.76544e-06	0.284042	-6.25763	-8.53124e-07	3.7675e-05
0.53	-1.00247	-0.0451889	6.01446e-06	1.01422e-05	0.675438	-6.23998	-2.02869e-06	3.7622e-05
0.54	-0.995716	-0.107589	5.99417e-06	1.05184e-05	1.0665	-6.19772	-3.20326e-06	3.74951e-05
0.55	-0.985051	-0.169566	5.96214e-06	1.08934e-05	1.45567	-6.13073	-4.37214e-06	3.72939e-05
0.56	-0.970494	-0.230873	5.91842e-06	1.12663e-05	1.84136	-6.03897	-5.53055e-06	3.70183e-05
0.57	-0.952081	-0.291263	5.86311e-06	1.16365e-05	2.22194	-5.92254	-6.67364e-06	3.66686e-05
0.58	-0.929861	-0.350488	5.79638e-06	1.20032e-05	2.59579	-5.78162	-7.79652e-06	3.62453e-05
0.59	-0.903903	-0.408304	5.71841e-06	1.23656e-05	2.96128	-5.61652	-8.89426e-06	3.57494e-05
0.6	-0.874291	-0.46447	5.62947e-06	1.27231e-05	3.31676	-5.42767	-9.96195e-06	3.51822e-05
0.61	-0.841123	-0.518746	5.52985e-06	1.30749e-05	3.66061	-5.2156	-1.09947e-05	3.45453e-05
0.62	-0.804517	-0.570902	5.4199e-06	1.34204e-05	3.99122	-4.98098	-1.19877e-05	3.38406e-05
0.63	-0.764605	-0.620712	5.30002e-06	1.37588e-05	4.30703	-4.72461	-1.29362e-05	3.30706e-05
0.64	-0.721534	-0.667958	5.17066e-06	1.40895e-05	4.60649	-4.44738	-1.38357e-05	3.22379e-05
0.65	-0.67547	-0.712432	5.03231e-06	1.44119e-05	4.88812	-4.15033	-1.46816e-05	3.13457e-05
0.66	-0.626588	-0.753935	4.88549e-06	1.47253e-05	5.15051	-3.83461	-1.54697e-05	3.03974e-05
0.67	-0.575083	-0.792281	4.73079e-06	1.50293e-05	5.39232	-3.50148	-1.61959e-05	2.93969e-05
0.68	-0.52116	-0.827296	4.56883e-06	1.53233e-05	5.61227	-3.15231	-1.68566e-05	2.83482e-05
0.69	-0.465037	-0.858819	4.40027e-06	1.56068e-05	5.80922	-2.78859	-1.74481e-05	2.72557e-05
0.7	-0.406945	-0.886705	4.22579e-06	1.58793e-05	5.9821	-2.41189	-1.79674e-05	2.61243e-05
0.71	-0.347124	-0.910824	4.04611e-06	1.61406e-05	6.12998	-2.02386	-1.84115e-05	2.49588e-05
0.72	-0.285824	-0.931063	3.862e-06	1.63902e-05	6.25204	-1.62626	-1.87781e-05	2.37646e-05
0.73	-0.223304	-0.947325	3.67422e-06	1.66278e-05	6.34759	-1.2209	-1.90651e-05	2.25471e-05
0.74	-0.159828	-0.959534	3.48357e-06	1.68533e-05	6.4161	-0.80963	-1.92709e-05	2.13119e-05
0.75	-0.0956669	-0.967631	3.29086e-06	1.70664e-05	6.45715	-0.394374	-1.93942e-05	2.00646e-05
0.76	-0.0310953	-0.971574	3.09691e-06	1.7267e-05	6.47051	0.022931	-1.94343e-05	1.88112e-05
0.77	0.0336098	-0.971345	2.90257e-06	1.74551e-05	6.45607	0.440325	-1.93909e-05	1.75576e-05
0.78	0.0981705	-0.966942	2.70866e-06	1.76307e-05	6.41389	0.855844	-1.92642e-05	1.63096e-05
0.79	0.162309	-0.958383	2.51602e-06	1.77938e-05	6.34416	1.26754	-1.90548e-05	1.50731e-05
0.8	0.225751	-0.945708	2.32547e-06	1.79446e-05	6.24727	1.67347	-1.87638e-05	1.38538e-05
0.81	0.288224	-0.928973	2.13783e-06	1.80831e-05	6.1237	2.07176	-1.83926e-05	1.26576e-05
0.82	0.349461	-0.908256	1.95391e-06	1.82097e-05	5.97411	2.46056	-1.79433e-05	1.14898e-05
0.83	0.409202	-0.88365	1.77447e-06	1.83246e-05	5.79929	2.83808	-1.74183e-05	1.03559e-05
0.84	0.467195	-0.855269	1.60029e-06	1.84281e-05	5.60015	3.20264	-1.68202e-05	9.26094e-06
0.85	0.523196	-0.823243	1.43209e-06	1.85207e-05	5.37775	3.5526	-1.61522e-05	8.20983e-06
0.86	0.576974	-0.787717	1.27057e-06	1.86028e-05	5.13323	3.88644	-1.54177e-05	7.20713e-06
0.87	0.628306	-0.748852	1.11639e-06	1.86749e-05	4.86785	4.20274	-1.46207e-05	6.25712e-06
0.88	0.676984	-0.706825	9.70184e-07	1.87375e-05	4.58297	4.50018	-1.3765e-05	5.36374e-06
0.89	0.722814	-0.661823	8.32533e-07	1.87911e-05	4.28002	4.77758	-1.28551e-05	4.53057e-06
0.9	0.765614	-0.614047	7.03982e-07	1.88364e-05	3.9605	5.03385	-1.18954e-05	3.76085e-06
0.91	0.805219	-0.563709	5.85028e-07	1.8874e-05	3.62598	5.26805	-1.08907e-05	3.05744e-06
0.92	0.841479	-0.511028	4.76121e-07	1.89046e-05	3.27807	5.47934	-9.84574e-06	2.42281e-06
0.93	0.87426	-0.456235	3.77663e-07	1.89288e-05	2.9184	5.66704	-8.76548e-06	1.85905e-06
0.94	0.903444	-0.399565	2.90009e-07	1.89474e-05	2.54866	5.83057	-7.65496e-06	1.36788e-06
0.95	0.92893	-0.341259	2.13459e-07	1.89611e-05	2.17053	5.9695	-6.51923e-06	9.50628e-07
0.96	0.950636	-0.281564	1.48267e-07	1.89706e-05	1.7857	6.08349	-5.36338e-06	6.08258e-07
0.97	0.968493	-0.220729	9.46328e-08	1.89767e-05	1.39584	6.17234	-4.19244e-06	3.41368e-07
0.98	0.982451	-0.159006	5.27084e-08	1.89801e-05	1.00264	6.23599	-3.01145e-06	1.50206e-07
0.99	0.992478	-0.0966457	2.25939e-08	1.89816e-05	0.607732	6.27445	-1.82534e-06	3.46811e-08
1	0.998555	-0.0339012	4.34055e-09	1.89819e-05	0.212736	6.28787	-6.38957e-07	-5.6193e-09
1.01	1.00068	0.0289775	-2.04902e-09	1.89819e-05	-0.180769	6.27648	5.42943e-07	2.85834e-08
1.02	0.998875	0.0917423	3.38042e-09	1.89822e-05	-0.571247	6.24063	1.71575e-06	1.36278e-07
1.03	0.993162	0.154149	2.05379e-08	1.89835e-05	-0.957208	6.18073	2.87499e-06	3.16182e-07
1.04	0.98359	0.215956	4.92878e-08	1.89867e-05	-1.33722	6.0973	4.01636e-06	5.66758e-07
1.05	0.970218	0.276929	8.94515e-08	1.89924e-05	-1.7099	5.99094	5.13571e-06	8.86231e-07
1.06	0.953119	0.336838	1.40809e-07	1.90012e-05	-2.07392	5.86229	6.22907e-06	1.27261e-06
1.07	0.93238	0.395461	2.03099e-07	1.9014e-05	-2.42804	5.71211	7.29267e-06	1.7237e-06
1.08	0.908099	0.452582	2.76026e-07	1.90312e-05	-2.77105	5.54116	8.32291e-06	2.23714e-06
1.09	0.880389	0.507994	3.59255e-07	1.90536e-05	-3.10183	5.35031	9.3164e-06	2.81037e-06
1.1	0.84937	0.561497	4.52419e-07	1.90817e-05	-3.41931	5.14044	1.027e-05	3.44072e-06
1.11	0.815177	0.612901	5.55119e-07	1.91161e-05	-3.72249	4.91249	1.11806e-05	4.12536e-06
1.12	0.777952	0.662026	6.66924e-07	1.91573e-05	-4.01044	4.66745	1.20454e-05	4.86134e-06
1.13	0.737848	0.708701	7.87379e-07	1.92059e-05	-4.28231	4.40633	1.2862e-05	5.64561e-06
1.14	0.695025	0.752764	9.15999e-07	1.92624e-05	-4.53729	4.13018	1.36278e-05	6.47504e-06
1.15	0.649652	0.794066	1.05228e-06	1.93271e-05	-4.77464	3.84007	1.43407e-05	7.3464e-06
1.16	0.601906	0.832467	1.19568e-06	1.94006e-05	-4.99371	3.5371	1.49987e-05	8.25639e-06
1.17	0.551969	0.867838	1.34567e-06	1.94832e-05	-5.19388	3.22237	1.55999e-05	9.20166e-06
1.18	0.50003	0.900061	1.50167e-06	1.95752e-05	-5.37463	2.89704	1.61428e-05	1.01788e-05
1.19	0.446283	0.929032	1.6631e-06	1.9677e-05	-5.53546	2.56224	1.66259e-05	1.11844e-05
1.2	0.390929	0.954654	1.82936e-06	1.97888e-05	-5.67596	2.21914	1.70479e-05	1.22149e-05
1.21	0.334169	0.976846	1.99984e-06	1.9911e-05	-5.79577	1.86891	1.74077e-05	1.32668e-05
1.22	0.276212	0.995535	2.17391e-06	2.00436e-05	-5.8946	1.51272	1.77045e-05	1.43366e-05
1.23	0.217266	1.01066	2.35096e-06	2.0187e-05	-5.9722	1.15176	1.79376e-05	1.54208e-05
1.24	0.157544	1.02218	2.53033e-06	2.03412e-05	-6.02838	0.78721	1.81064e-05	1.65157e-05
1.25	0.0972598	1.03005	2.7114e-06	2.05064e-05	-6.06303	0.420262	1.82104e-05	1.76179e-05
1.26	0.0366295	1.03425	2.8935e-06	2.06826e-05	-6.07607	0.0521038	1.82496e-05	1.87236e-05
1.27	-0.0241311	1.03478	3.076e-06	2.08698e-05	-6.06748	-0.316075	1.82238e-05	1.98295e-05
1.28	-0.084806	1.03161	3.25824e-06	2.10681e-05	-6.03731	-0.683089	1.81332e-05	2.09318e-05
1.29	-0.145179	1.02478	3.43957e-06	2.12774e-05	-5.98564	-1.04776	1.7978e-05	2.20271e-05
1.3	-0.205035	1.01431	3.61935e-06	2.14977e-05	-5.91264	-1.4089	1.77587e-05	2.31118e-05
1.31	-0.264162	1.00022	3.79693e-06	2.17288e-05	-5.8185	-1.76534	1.7476e-05	2.41824e-05
1.32	-0.322347	0.982564	3.97169e-06	2.19706e-05	-5.70348	-2.11592	1.71305e-05	2.52353e-05
1.33	-0.379382	0.961405	4.143e-06	2.2223e-05	-5.5679	-2.45949	1.67233e-05	2.62672e-05
1.34	-0.435061	0.93681	4.31023e-06	2.24856e-05	-5.41213	-2.7949	1.62554e-05	2.72747e-05
1.35	-0.489182	0.908861	4.47279e-06	2.27584e-05	-5.23659	-3.12101	1.57282e-05	2.82541e-05
1.36	-0.541548	0.877651	4.63007e-06	2.30409e-05	-5.04178	-3.43672	1.51431e-05	2.92024e-05
1.37	-0.591966	0.843283	4.7815e-06	2.3333e-05	-4.82823	-3.74092	1.45017e-05	3.01161e-05
1.38	-0.640248	0.805874	4.92652e-06	2.36341e-05	-4.59655	-4.03253	1.38058e-05	3.09919e-05
1.39	-0.686213	0.765549	5.06457e-06	2.3944e-05	-4.34738	-4.31049	1.30574e-05	3.18268e-05
1.4	-0.729687	0.722444	5.19515e-06	2.42623e-05	-4.08146	-4.57376	1.22587e-05	3.26175e-05
1.41	-0.770502	0.676706	5.31774e-06	2.45885e-05	-3.79956	-4.82134	1.1412e-05	3.33611e-05
1.42	-0.808497	0.628493	5.43186e-06	2.49221e-05	-3.50251	-5.05224	1.05199e-05	3.40546e-05
1.43	-0.843522	0.57797	5.53706e-06	2.52626e-05	-3.19122	-5.26552	9.58489e-06	3.46952e-05
1.44	-0.875435	0.525315	5.6329e-06	2.56096e-05	-2.86665	-5.46027	8.61003e-06	3.52802e-05
1.45	-0.904101	0.470712	5.719e-06	2.59624e-05	-2.52982	-5.63563	7.59835e-06	3.58069e-05
1.46	-0.929399	0.414356	5.79499e-06	2.63205e-05	-2.18181	-5.79078	6.5531e-06	3.62728e-05
1.47	-0.951217	0.356448	5.86052e-06	2.66832e-05	-1.82376	-5.92493	5.4777e-06	3.66758e-05
1.48	-0.969455	0.297199	5.9153e-06	2.70499e-05	-1.45688	-6.03739	4.37577e-06	3.70136e-05
1.49	-0.984024	0.236825	5.95905e-06	2.74201e-05	-1.08243	-6.1275	3.25109e-06	3.72842e-05
1.5	-0.994848	0.17555	5.99156e-06	2.77929e-05	-0.701712	-6.19467	2.10761e-06	3.74859e-05
1.51	-1.00187	0.113603	6.01264e-06	2.81678e-05	-0.316104	-6.23839	9.49425e-07	3.76172e-05
1.52	-1.00503	0.0512194	6.02214e-06	2.85439e-05	0.0729768	-6.25821	-2.19187e-07	3.76768e-05
1.53	-1.0043	-0.0113627	6.01994e-06	2.89207e-05	0.464065	-6.25377	-1.39383e-06	3.76634e-05
1.54	-0.999656	-0.0739003	6.006e-06	2.92974e-05	0.855652	-6.22481	-2.56997e-06	3.75765e-05
1.55	-0.991099	-0.136148	5.98031e-06	2.96731e-05	1.24619	-6.17115	-3.74296e-06	3.74153e-05
1.56	-0.978637	-0.19786	5.94288e-06	3.00473e-05	1.6341	-6.09271	-4.90806e-06	3.71797e-05
1.57	-0.962296	-0.258787	5.8938e-06	3.04191e-05	2.01778	-5.98952	-6.06045e-06	3.68698e-05
1.58	-0.942119	-0.318682	5.83319e-06	3.07878e-05	2.3956	-5.8617	-7.19524e-06	3.64859e-05
1.59	-0.918162	-0.377299	5.76124e-06	3.11526e-05	2.76593	-5.70951	-8.30752e-06	3.60288e-05
1.6	-0.890503	-0.434394	5.67816e-06	3.15129e-05	3.12712	-5.53331	-9.39236e-06	3.54995e-05
1.61	-0.859232	-0.489727	5.58424e-06	3.18679e-05	3.47754	-5.33357	-1.04449e-05	3.48996e-05
1.62	-0.824457	-0.543063	5.47979e-06	3.22169e-05	3.81557	-5.1109	-1.14601e-05	3.42308e-05
1.63	-0.786301	-0.594172	5.36519e-06	3.25592e-05	4.13962	-4.86602	-1.24334e-05	3.34953e-05
1.64	-0.744905	-0.642832	5.24085e-06	3.28942e-05	4.44813	-4.59977	-1.336e-05	3.26956e-05
1.65	-0.700423	-0.68883	5.10725e-06	3.32211e-05	4.73959	-4.31313	-1.42354e-05	3.18347e-05
1.66	-0.653027	-0.731962	4.9649e-06	3.35395e-05	5.01253	-4.00718	-1.50552e-05	3.09158e-05
1.67	-0.602902	-0.772033	4.81435e-06	3.38486e-05	5.26559	-3.68313	-1.58153e-05	2.99425e-05
1.68	-0.550246	-0.808865	4.65619e-06	3.4148e-05	5.49744	-3.34229	-1.65117e-05	2.89187e-05
1.69	-0.495272	-0.842287	4.49108e-06	3.44372e-05	5.70688	-2.98609	-1.71407e-05	2.78489e-05
1.7	-0.438203	-0.872148	4.31967e-06	3.47157e-05	5.8928	-2.61605	-1.76991e-05	2.67375e-05
1.71	-0.379275	-0.898309	4.14268e-06	3.49831e-05	6.05418	-2.2338	-1.81839e-05	2.55894e-05
1.72	-0.318733	-0.920647	3.96084e-06	3.5239e-05	6.19016	-1.84104	-1.85923e-05	2.44097e-05
1.73	-0.256832	-0.939057	3.77492e-06	3.54831e-05	6.29996	-1.43955	-1.89221e-05	2.32038e-05
1.74	-0.193832	-0.953453	3.5857e-06	3.57151e-05	6.38298	-1.03116	-1.91714e-05	2.19772e-05
1.75	-0.130002	-0.963764	3.39398e-06	3.59349e-05	6.43875	-0.617761	-1.93389e-05	2.07356e-05
1.76	-0.0656147	-0.969942	3.20059e-06	3.61423e-05	6.46692	-0.201286	-1.94235e-05	1.94847e-05
1.77	-0.000945517	-0.971955	3.00636e-06	3.63371e-05	6.46733	0.216316	-1.94247e-05	1.82304e-05
1.78	0.0637278	-0.969792	2.81211e-06	3.65194e-05	6.43994	0.633082	-1.93425e-05	1.69786e-05
1.79	0.128127	-0.963461	2.61869e-06	3.66892e-05	6.38489	1.04705	-1.91772e-05	1.57353e-05
1.8	0.191976	-0.95299	2.42692e-06	3.68465e-05	6.30246	1.45628	-1.89296e-05	1.45062e-05
1.81	0.255001	-0.938428	2.23762e-06	3.69916e-05	6.19307	1.85886	-1.8601e-05	1.3297e-05
1.82	0.316931	-0.919839	2.05161e-06	3.71246e-05	6.05731	2.25291	-1.81932e-05	1.21135e-05
1.83	0.377505	-0.89731	1.86968e-06	3.72457e-05	5.89588	2.63663	-1.77084e-05	1.0961e-05
1.84	0.436463	-0.870944	1.69259e-06	3.73553e-05	5.70965	3.00827	-1.7149e-05	9.84472e-06
1.85	0.49356	-0.840861	1.5211e-06	3.74538e-05	5.49958	3.36617	-1.65181e-05	8.76977e-06
1.86	0.548556	-0.807199	1.35592e-06	3.75415e-05	5.26678	3.70875	-1.58189e-05	7.74082e-06
1.87	0.601224	-0.770112	1.19773e-06	3.76189e-05	5.01246	4.03454	-1.5055e-05	6.76232e-06
1.88	0.651348	-0.729766	1.04718e-06	3.76865e-05	4.73791	4.34216	-1.42304e-05	5.83837e-06
1.89	0.698727	-0.686345	9.04879e-07	3.77449e-05	4.44452	4.63036	-1.33492e-05	4.97275e-06
1.9	0.743172	-0.640041	7.71387e-07	3.77946e-05	4.13377	4.898	-1.24159e-05	4.16888e-06
1.91	0.78451	-0.591061	6.47228e-07	3.78363e-05	3.80719	5.14407	-1.1435e-05	3.42981e-06
1.92	0.822582	-0.539621	5.32879e-07	3.78706e-05	3.46636	5.36767	-1.04113e-05	2.75821e-06
1.93	0.857245	-0.485944	4.28766e-07	3.78982e-05	3.1129	5.56805	-9.34966e-06	2.15638e-06
1.94	0.888374	-0.430263	3.35269e-07	3.79197e-05	2.74848	5.74456	-8.25513e-06	1.62622e-06
1.95	0.915859	-0.372818	2.52718e-07	3.7936e-05	2.37478	5.8967	-7.1327e-06	1.16926e-06
1.96	0.939607	-0.313851	1.81391e-07	3.79477e-05	1.99347	6.02408	-5.98744e-06	7.86673e-07
1.97	0.959542	-0.25361	1.21517e-07	3.79556e-05	1.60625	6.12644	-4.82441e-06	4.79236e-07
1.98	0.975604	-0.192345	7.32727e-08	3.79604e-05	1.21479	6.20364	-3.64865e-06	2.47382e-07
1.99	0.987752	-0.130309	3.67862e-08	3.79628e-05	0.820747	6.25564	-2.46513e-06	9.12012e-08
2	0.99596	-0.0677527	1.21349e-08	3.79637e-05	0.42575	6.28252	-1.27875e-06	1.04495e-08
2.01	1.00022	-0.0049275	-6.52585e-10	3.79638e-05	0.031399	6.28448	-9.43075e-08	4.56943e-09
2.02	1.00053	0.0579173	-1.59566e-09	3.79639e-05	-0.360749	6.26179	1.08352e-06	7.27049e-08
2.03	0.996924	0.120535	9.23951e-09	3.79646e-05	-0.749182	6.21484	2.25018e-06	2.13719e-07
2.04	0.989432	0.182684	3.17413e-08	3.79668e-05	-1.13244	6.1441	3.4013e-06	4.2621e-07
2.05	0.978108	0.244125	6.57543e-08	3.7971e-05	-1.5091	6.0501	4.53263e-06	7.08534e-07
2.06	0.963017	0.304626	1.11081e-07	3.79781e-05	-1.87784	5.93347	5.64012e-06	1.05882e-06
2.07	0.944238	0.36396	1.67482e-07	3.79887e-05	-2.23734	5.79492	6.71989e-06	1.47498e-06
2.08	0.921865	0.42191	2.34681e-07	3.80034e-05	-2.58639	5.63518	7.76827e-06	1.95474e-06
2.09	0.896001	0.478261	3.12363e-07	3.8023e-05	-2.92382	5.45509	8.78174e-06	2.49567e-06
2.1	0.866763	0.532812	4.00181e-07	3.80479e-05	-3.24853	5.25549	9.75702e-06	3.09514e-06
2.11	0.834277	0.585367	4.97751e-07	3.80789e-05	-3.55949	5.03732	1.0691e-05	3.75043e-06
2.12	0.798682	0.63574	6.04661e-07	3.81164e-05	-3.85574	4.80153	1.15808e-05	4.45864e-06
2.13	0.760125	0.683756	7.20469e-07	3.8161e-05	-4.13637	4.54911	1.24237e-05	5.2168e-06
2.14	0.718761	0.729247	8.44706e-07	3.82132e-05	-4.40056	4.28108	1.32172e-05	6.02181e-06
2.15	0.674756	0.772058	9.76877e-07	3.82734e-05	-4.64752	3.99851	1.39589e-05	6.87051e-06
2.16	0.628281	0.812043	1.11647e-06	3.83421e-05	-4.87657	3.70249	1.46469e-05	7.75963e-06
2.17	0.579515	0.849068	1.26294e-06	3.84197e-05	-5.08706	3.3941	1.52791e-05	8.68587e-06
2.18	0.528644	0.883009	1.41573e-06	3.85065e-05	-5.27842	3.07449	1.58538e-05	9.64584e-06
2.19	0.47586	0.913753	1.57426e-06	3.8603e-05	-5.45013	2.74478	1.63696e-05	1.06361e-05
2.2	0.421359	0.941201	1.73796e-06	3.87094e-05	-5.60174	2.40613	1.68249e-05	1.16533e-05
2.21	0.365341	0.965263	1.90621e-06	3.88259e-05	-5.73287	2.0597	1.72188e-05	1.26938e-05
2.22	0.308013	0.98586	2.0784e-06	3.89528e-05	-5.84317	1.70667	1.75501e-05	1.37541e-05
2.23	0.249581	1.00293	2.2539e-06	3.90904e-05	-5.93237	1.34821	1.7818e-05	1.48307e-05
2.24	0.190257	1.01641	2.43208e-06	3.92387e-05	-6.00027	0.985508	1.80219e-05	1.59201e-05
2.25	0.130255	1.02626	2.6123e-06	3.93979e-05	-6.04669	0.619751	1.81614e-05	1.70187e-05
2.26	0.0697877	1.03246	2.79391e-06	3.95681e-05	-6.07154	0.252127	1.8236e-05	1.81229e-05
2.27	0.0090723	1.03498	2.97627e-06	3.97493e-05	-6.07477	-0.116176	1.82457e-05	1.92291e-05
2.28	-0.0516754	1.03382	3.15873e-06	3.99416e-05	-6.05638	-0.483971	1.81905e-05	2.03337e-05
2.29	-0.112239	1.02898	3.34063e-06	4.01449e-05	-6.01645	-0.850072	1.80705e-05	2.14333e-05
2.3	-0.172404	1.02048	3.52134e-06	4.03593e-05	-5.95508	-1.2133	1.78862e-05	2.25243e-05
2.31	-0.231954	1.00835	3.7002e-06	4.05845e-05	-5.87245	-1.57248	1.7638e-05	2.36031e-05
2.32	-0.290679	0.992622	3.87658e-06	4.08205e-05	-5.76879	-1.92643	1.73267e-05	2.46662e-05
2.33	-0.348367	0.973358	4.04985e-06	4.10672e-05	-5.64438	-2.27401	1.6953e-05	2.57102e-05
2.34	-0.404811	0.950618	4.21938e-06	4.13243e-05	-5.49957	-2.61406	1.65181e-05	2.67315e-05
2.35	-0.459806	0.924477	4.38456e-06	4.15916e-05	-5.33474	-2.94544	1.6023e-05	2.77268e-05
2.36	-0.513154	0.895023	4.54479e-06	4.18689e-05	-5.15036	-3.26702	1.54692e-05	2.86927e-05
2.37	-0.564657	0.862352	4.69948e-06	4.21558e-05	-4.94692	-3.5777	1.48582e-05	2.96258e-05
2.38	-0.614127	0.826575	4.84806e-06	4.24521e-05	-4.725	-3.87637	1.41916e-05	3.05229e-05
2.39	-0.661377	0.787812	4.98998e-06	4.27573e-05	-4.48522	-4.16197	1.34715e-05	3.13807e-05
2.4	-0.706229	0.746192	5.12469e-06	4.30711e-05	-4.22827	-4.43344	1.26997e-05	3.2196e-05
2.41	-0.748512	0.701858	5.25169e-06	4.33931e-05	-3.9549	-4.68976	1.18786e-05	3.29659e-05
2.42	-0.788061	0.65496	5.37047e-06	4.37227e-05	-3.6659	-4.92992	1.10106e-05	3.36872e-05
2.43	-0.82472	0.605661	5.48058e-06	4.40596e-05	-3.36216	-5.15297	1.00983e-05	3.43572e-05
2.44	-0.858341	0.554131	5.58156e-06	4.44032e-05	-3.04459	-5.35798	9.14447e-06	3.49729e-05
2.45	-0.888787	0.500551	5.67301e-06	4.47529e-05	-2.71418	-5.54404	8.15208e-06	3.55317e-05
2.46	-0.915929	0.445111	5.75453e-06	4.51082e-05	-2.37198	-5.71032	7.1243e-06	3.60312e-05
2.47	-0.939649	0.388008	5.82577e-06	4.54685e-05	-2.01912	-5.85601	6.06445e-06	3.64688e-05
2.48	-0.95984	0.329448	5.88642e-06	4.58332e-05	-1.65674	-5.98037	4.97606e-06	3.68423e-05
2.49	-0.976407	0.269644	5.93618e-06	4.62016e-05	-1.2861	-6.08271	3.86282e-06	3.71496e-05
2.5	-0.989268	0.208817	5.97481e-06	4.65731e-05	-0.908466	-6.1624	2.72859e-06	3.7389e-05
2.51	-0.998353	0.147193	6.00209e-06	4.6947e-05	-0.525187	-6.21889	1.57741e-06	3.75587e-05
2.52	-1.0036	0.0850042	6.01787e-06	4.73226e-05	-0.137656	-6.25169	4.13454e-07	3.76572e-05
2.53	-1.00498	0.0224873	6.022e-06	4.76992e-05	0.252683	-6.26041	-7.58937e-07	3.76834e-05
2.54	-1.00245	-0.0401168	6.01441e-06	4.8076e-05	0.644342	-6.24472	-1.93529e-06	3.76363e-05
2.55	-0.996011	-0.102564	5.99506e-06	4.84524e-05	1.03579	-6.20439	-3.11102e-06	3.75151e-05
2.56	-0.985653	-0.164608	5.96395e-06	4.88275e-05	1.42547	-6.13929	-4.28142e-06	3.73196e-05
2.57	-0.971398	-0.226001	5.92113e-06	4.92007e-05	1.81178	-6.0494	-5.44171e-06	3.70496e-05
2.58	-0.953281	-0.286495	5.86672e-06	4.95712e-05	2.1931	-5.93478	-6.58701e-06	3.67053e-05
2.59	-0.93135	-0.345843	5.80085e-06	4.99383e-05	2.5678	-5.79562	-7.71243e-06	3.62874e-05
2.6	-0.905672	-0.403799	5.72372e-06	5.03011e-05	2.93424	-5.63222	-8.81304e-06	3.57966e-05
2.61	-0.876329	-0.460121	5.63559e-06	5.06591e-05	3.29078	-5.445	-9.88391e-06	3.52343e-05
2.62	-0.843422	-0.514571	5.53675e-06	5.10114e-05	3.63578	-5.23449	-1.09201e-05	3.4602e-05
2.63	-0.807064	-0.566916	5.42755e-06	5.13575e-05	3.96764	-5.00136	-1.19169e-05	3.39018e-05
2.64	-0.767387	-0.61693	5.30838e-06	5.16965e-05	4.28477	-4.74639	-1.28694e-05	3.3136e-05
2.65	-0.72454	-0.664393	5.17969e-06	5.20278e-05	4.58565	-4.47047	-1.37731e-05	3.23073e-05
2.66	-0.678683	-0.709098	5.04196e-06	5.23509e-05	4.86877	-4.17464	-1.46234e-05	3.14187e-05
2.67	-0.629995	-0.750844	4.89572e-06	5.26651e-05	5.13271	-3.86004	-1.54162e-05	3.04738e-05
2.68	-0.578668	-0.789445	4.74156e-06	5.29698e-05	5.37614	-3.52794	-1.61473e-05	2.94764e-05
2.69	-0.524907	-0.824724	4.58009e-06	5.32646e-05	5.59777	-3.1797	-1.6813e-05	2.84304e-05
2.7	-0.468929	-0.856521	4.41196e-06	5.35489e-05	5.79644	-2.81679	-1.74097e-05	2.73404e-05
2.71	-0.410965	-0.884689	4.23786e-06	5.38223e-05	5.97109	-2.4408	-1.79343e-05	2.62111e-05
2.72	-0.351254	-0.909097	4.05852e-06	5.40844e-05	6.12077	-2.05338	-1.83839e-05	2.50475e-05
2.73	-0.290046	-0.929631	3.87468e-06	5.43349e-05	6.24466	-1.65628	-1.8756e-05	2.38548e-05
2.74	-0.2276	-0.946194	3.68712e-06	5.45734e-05	6.34208	-1.25129	-1.90485e-05	2.26384e-05
2.75	-0.164179	-0.958707	3.49663e-06	5.47998e-05	6.41246	-0.840296	-1.92599e-05	2.1404e-05
2.76	-0.100054	-0.96711	3.30403e-06	5.50139e-05	6.4554	-0.425197	-1.93889e-05	2.01572e-05
2.77	-0.0355004	-0.971362	3.11015e-06	5.52154e-05	6.47065	-0.00793673	-1.94347e-05	1.8904e-05
2.78	0.0292061	-0.971441	2.9158e-06	5.54045e-05	6.4581	0.409525	-1.9397e-05	1.76501e-05
2.79	0.0937871	-0.967346	2.72183e-06	5.5581e-05	6.4178	0.825226	-1.9276e-05	1.64015e-05
2.8	0.157965	-0.959093	2.52907e-06	5.5745e-05	6.34995	1.23721	-1.90722e-05	1.51641e-05
2.81	0.221465	-0.946721	2.33835e-06	5.58966e-05	6.2549	1.64355	-1.87867e-05	1.39437e-05
2.82	0.284014	-0.930286	2.15048e-06	5.60361e-05	6.13316	2.04235	-1.84211e-05	1.27459e-05
2.83	0.345345	-0.909862	1.96627e-06	5.61635e-05	5.98536	2.43177	-1.79771e-05	1.15762e-05
2.84	0.405199	-0.885545	1.7865e-06	5.62793e-05	5.81229	2.81003	-1.74573e-05	1.04401e-05
2.85	0.463322	-0.857444	1.61192e-06	5.63837e-05	5.61487	3.17542	-1.68644e-05	9.34269e-06
2.86	0.51947	-0.82569	1.44328e-06	5.64771e-05	5.39412	3.52632	-1.62013e-05	8.28876e-06
2.87	0.573412	-0.790427	1.28127e-06	5.656e-05	5.1512	3.8612	-1.54717e-05	7.28294e-06
2.88	0.624924	-0.751815	1.12655e-06	5.66328e-05	4.88737	4.17863	-1.46793e-05	6.32952e-06
2.89	0.673797	-0.710029	9.79756e-07	5.66961e-05	4.60395	4.47731	-1.38281e-05	5.43244e-06
2.9	0.719837	-0.665256	8.41475e-07	5.67505e-05	4.3024	4.75602	-1.29223e-05	4.59532e-06
2.91	0.762861	-0.617695	7.12252e-07	5.67964e-05	3.98419	5.0137	-1.19666e-05	3.82138e-06
2.92	0.802703	-0.567558	5.92586e-07	5.68346e-05	3.6509	5.24938	-1.09655e-05	3.1135e-06
2.93	0.839212	-0.515064	4.8293e-07	5.68658e-05	3.30412	5.46224	-9.92399e-06	2.47418e-06
2.94	0.872253	-0.460442	3.8369e-07	5.68905e-05	2.9455	5.65157	-8.84686e-06	1.90552e-06
2.95	0.901708	-0.403926	2.95222e-07	5.69096e-05	2.5767	5.8168	-7.73915e-06	1.40924e-06
2.96	0.927475	-0.345758	2.1783e-07	5.69237e-05	2.1994	5.95748	-6.60593e-06	9.86712e-07
2.97	0.949469	-0.286183	1.51771e-07	5.69335e-05	1.81529	6.07328	-5.45225e-06	6.38905e-07
2.98	0.967622	-0.225451	9.72485e-08	5.69399e-05	1.42604	6.164	-4.28314e-06	3.66442e-07
2.99	0.981882	-0.163811	5.44171e-08	5.69436e-05	1.03333	6.22954	-3.10363e-06	1.69591e-07
3	0.992216	-0.101515	2.33808e-08	5.69453e-05	0.638797	6.26992	-1.91864e-06	4.82846e-08
