0	1	0	0	0	-0.197269	6.286	5.925e-07	0
0.01	0.998027	0.06286	5.925e-09	0	-0.591022	6.2612	1.77514e-06	7.4488e-08
0.02	0.992117	0.125472	2.36764e-08	7.4488e-10	-0.982425	6.2117	2.95073e-06	2.23163e-07
0.03	0.982293	0.187589	5.31838e-08	2.97651e-09	-1.36992	6.1377	4.1146e-06	4.45427e-07
0.04	0.968594	0.248966	9.43297e-08	7.43078e-09	-1.75198	6.0395	5.26211e-06	7.40382e-07
0.05	0.951074	0.309361	1.46951e-07	1.48346e-08	-2.12708	5.91749	6.38872e-06	1.10684e-06
0.06	0.929803	0.368536	2.10838e-07	2.5903e-08	-2.49372	5.77216	7.48995e-06	1.54332e-06
0.07	0.904866	0.426257	2.85737e-07	4.13362e-08	-2.85047	5.60411	8.56145e-06	2.04808e-06
0.08	0.876361	0.482298	3.71352e-07	6.1817e-08	-3.19591	5.414	9.59897e-06	2.61907e-06
0.09	0.844402	0.536438	4.67342e-07	8.80077e-08	-3.52867	5.2026	1.05984e-05	3.25401e-06
0.1	0.809115	0.588464	5.73326e-07	1.20548e-07	-3.84743	4.97076	1.15558e-05	3.95034e-06
0.11	0.770641	0.638172	6.88884e-07	1.60051e-07	-4.15096	4.71941	1.24675e-05	4.70527e-06
0.12	0.729131	0.685366	8.13559e-07	2.07104e-07	-4.43804	4.44956	1.33297e-05	5.51578e-06
0.13	0.684751	0.729862	9.46857e-07	2.62262e-07	-4.70756	4.16229	1.41393e-05	6.37862e-06
0.14	0.637675	0.771485	1.08825e-06	3.26048e-07	-4.95846	3.85873	1.48928e-05	7.29034e-06
0.15	0.588091	0.810072	1.23718e-06	3.98951e-07	-5.18977	3.54012	1.55876e-05	8.24731e-06
0.16	0.536193	0.845473	1.39305e-06	4.81424e-07	-5.40058	3.20771	1.62208e-05	9.24571e-06
0.17	0.482187	0.87755	1.55526e-06	5.73881e-07	-5.59008	2.86283	1.67899e-05	1.02816e-05
0.18	0.426286	0.906179	1.72316e-06	6.76697e-07	-5.75755	2.50684	1.72929e-05	1.13508e-05
0.19	0.368711	0.931247	1.89609e-06	7.90205e-07	-5.90233	2.14117	1.77278e-05	1.24491e-05
0.2	0.309688	0.952659	2.07337e-06	9.14696e-07	-6.02388	1.76725	1.80928e-05	1.35721e-05
0.21	0.249449	0.970331	2.25429e-06	1.05042e-06	-6.12174	1.38657	1.83868e-05	1.47155e-05
0.22	0.188231	0.984197	2.43816e-06	1.19757e-06	-6.19555	1.00063	1.86085e-05	1.58747e-05
0.23	0.126276	0.994203	2.62425e-06	1.35632e-06	-6.24505	0.610947	1.87571e-05	1.70451e-05
0.24	0.0638255	1.00031	2.81182e-06	1.52677e-06	-6.27005	0.219051	1.88322e-05	1.82222e-05
0.25	0.00112499	1.0025	3.00014e-06	1.70899e-06	-6.27049	-0.173519	1.88335e-05	1.94013e-05
0.26	-0.0615799	1.00077	3.18848e-06	1.90301e-06	-6.24639	-0.565225	1.87611e-05	2.05778e-05
0.27	-0.124044	0.995116	3.37609e-06	2.10878e-06	-6.19786	-0.954537	1.86154e-05	2.17471e-05
0.28	-0.186022	0.985571	3.56224e-06	2.32625e-06	-6.12511	-1.33993	1.83969e-05	2.29046e-05
0.29	-0.247273	0.972171	3.74621e-06	2.5553e-06	-6.02846	-1.71992	1.81066e-05	2.40459e-05
0.3	-0.307558	0.954972	3.92728e-06	2.79576e-06	-5.9083	-2.09301	1.77457e-05	2.51665e-05
0.31	-0.366641	0.934042	4.10473e-06	3.04743e-06	-5.76512	-2.45777	1.73156e-05	2.62621e-05
0.32	-0.424292	0.909464	4.27789e-06	3.31005e-06	-5.5995	-2.81277	1.68182e-05	2.73283e-05
0.33	-0.480287	0.881337	4.44607e-06	3.58333e-06	-5.4121	-3.15665	1.62553e-05	2.83612e-05
0.34	-0.534408	0.84977	4.60862e-06	3.86694e-06	-5.20366	-3.48808	1.56293e-05	2.93566e-05
0.35	-0.586445	0.814889	4.76492e-06	4.16051e-06	-4.97502	-3.80578	1.49426e-05	3.03109e-05
0.36	-0.636195	0.776831	4.91434e-06	4.46362e-06	-4.72708	-4.10853	1.41979e-05	3.12202e-05
0.37	-0.683466	0.735746	5.05632e-06	4.77582e-06	-4.4608	-4.39517	1.33981e-05	3.20811e-05
0.38	-0.728074	0.691794	5.1903e-06	5.09663e-06	-4.17725	-4.66459	1.25464e-05	3.28903e-05
0.39	-0.769846	0.645148	5.31577e-06	5.42553e-06	-3.87751	-4.91577	1.16462e-05	3.36447e-05
0.4	-0.808621	0.595991	5.43223e-06	5.76198e-06	-3.56277	-5.14775	1.07009e-05	3.43415e-05
0.41	-0.844249	0.544513	5.53924e-06	6.10539e-06	-3.23425	-5.35963	9.71415e-06	3.49779e-05
0.42	-0.876592	0.490917	5.63638e-06	6.45517e-06	-2.89323	-5.55061	8.68988e-06	3.55515e-05
0.43	-0.905524	0.435411	5.72328e-06	6.81069e-06	-2.54103	-5.71995	7.63203e-06	3.60601e-05
0.44	-0.930934	0.378211	5.7996e-06	7.17129e-06	-2.17901	-5.86703	6.54471e-06	3.65019e-05
0.45	-0.952724	0.319541	5.86505e-06	7.53631e-06	-1.80858	-5.99127	5.43211e-06	3.6875e-05
0.46	-0.97081	0.259628	5.91937e-06	7.90506e-06	-1.43117	-6.09219	4.29855e-06	3.71781e-05
0.47	-0.985122	0.198706	5.96235e-06	8.27684e-06	-1.04824	-6.16943	3.14839e-06	3.74101e-05
0.48	-0.995604	0.137012	5.99384e-06	8.65094e-06	-0.661255	-6.22268	1.98609e-06	3.75701e-05
0.49	-1.00222	0.0747853	6.0137e-06	9.02664e-06	-0.271723	-6.25175	8.16125e-07	3.76574e-05
0.5	-1.00493	0.0122678	6.02186e-06	9.40321e-06	0.118857	-6.25651	-3.56991e-07	3.76717e-05
0.51	-1.00375	-0.0502973	6.01829e-06	9.77993e-06	0.50898	-6.23696	-1.52873e-06	3.76129e-05
0.52	-0.998656	-0.112667	6.003e-06	1.01561e-05	0.89714	-6.19316	-2.69458e-06	3.74814e-05
0.53	-0.989684	-0.174599	5.97606e-06	1.05309e-05	1.28184	-6.12529	-3.85003e-06	3.72776e-05
0.54	-0.976866	-0.235851	5.93756e-06	1.09037e-05	1.66159	-6.0336	-4.99062e-06	3.70022e-05
0.55	-0.96025	-0.296187	5.88765e-06	1.12737e-05	2.03493	-5.91844	-6.11196e-06	3.66563e-05
0.56	-0.939901	-0.355372	5.82653e-06	1.16402e-05	2.40042	-5.78025	-7.2097e-06	3.62412e-05
0.57	-0.915897	-0.413174	5.75443e-06	1.20026e-05	2.75663	-5.61955	-8.2796e-06	3.57586e-05
0.58	-0.88833	-0.46937	5.67164e-06	1.23602e-05	3.1022	-5.43696	-9.31752e-06	3.52101e-05
0.59	-0.857308	-0.523739	5.57846e-06	1.27123e-05	3.43578	-5.23317	-1.03194e-05	3.45981e-05
0.6	-0.82295	-0.576071	5.47527e-06	1.30583e-05	3.75607	-5.00896	-1.12814e-05	3.39246e-05
0.61	-0.78539	-0.626161	5.36245e-06	1.33976e-05	4.06183	-4.76519	-1.21998e-05	3.31925e-05
0.62	-0.744771	-0.673813	5.24045e-06	1.37295e-05	4.35186	-4.50278	-1.30709e-05	3.24043e-05
0.63	-0.701253	-0.718841	5.10975e-06	1.40535e-05	4.62504	-4.22275	-1.38914e-05	3.15632e-05
0.64	-0.655003	-0.761068	4.97083e-06	1.43692e-05	4.88028	-3.92617	-1.4658e-05	3.06725e-05
0.65	-0.6062	-0.80033	4.82425e-06	1.46759e-05	5.1166	-3.61417	-1.53678e-05	2.97354e-05
0.66	-0.555034	-0.836471	4.67057e-06	1.49732e-05	5.33305	-3.28796	-1.60179e-05	2.87556e-05
0.67	-0.501703	-0.869351	4.51039e-06	1.52608e-05	5.52879	-2.94879	-1.66058e-05	2.77369e-05
0.68	-0.446415	-0.898839	4.34434e-06	1.55382e-05	5.70302	-2.59797	-1.71291e-05	2.66832e-05
0.69	-0.389385	-0.924819	4.17304e-06	1.5805e-05	5.85507	-2.23686	-1.75858e-05	2.55986e-05
0.7	-0.330834	-0.947187	3.99719e-06	1.6061e-05	5.9843	-1.86685	-1.7974e-05	2.44872e-05
0.71	-0.270991	-0.965856	3.81745e-06	1.63059e-05	6.09021	-1.48937	-1.82921e-05	2.33535e-05
0.72	-0.210089	-0.980749	3.63453e-06	1.65394e-05	6.17235	-1.1059	-1.85388e-05	2.22017e-05
0.73	-0.148366	-0.991808	3.44914e-06	1.67614e-05	6.23039	-0.717931	-1.87131e-05	2.10364e-05
0.74	-0.0860619	-0.998988	3.26201e-06	1.69718e-05	6.26407	-0.326968	-1.88143e-05	1.98622e-05
0.75	-0.0234211	-1.00226	3.07387e-06	1.71704e-05	6.27324	0.0654584	-1.88418e-05	1.86835e-05
0.76	0.0393113	-1.0016	2.88545e-06	1.73572e-05	6.25785	0.457813	-1.87956e-05	1.75051e-05
0.77	0.10189	-0.997025	2.69749e-06	1.75323e-05	6.21792	0.848558	-1.86756e-05	1.63315e-05
0.78	0.164069	-0.988539	2.51074e-06	1.76956e-05	6.15359	1.23616	-1.84824e-05	1.51673e-05
0.79	0.225605	-0.976178	2.32591e-06	1.78473e-05	6.06509	1.61909	-1.82166e-05	1.40172e-05
0.8	0.286256	-0.959987	2.14374e-06	1.79874e-05	5.95275	1.99584	-1.78792e-05	1.28856e-05
0.81	0.345783	-0.940028	1.96495e-06	1.81163e-05	5.81699	2.36492	-1.74714e-05	1.1777e-05
0.82	0.403953	-0.916379	1.79024e-06	1.82341e-05	5.65832	2.72487	-1.69949e-05	1.06959e-05
0.83	0.460536	-0.88913	1.62029e-06	1.8341e-05	5.47735	3.07427	-1.64513e-05	9.6465e-06
0.84	0.51531	-0.858388	1.45578e-06	1.84375e-05	5.27478	3.41172	-1.58429e-05	8.63294e-06
0.85	0.568058	-0.82427	1.29735e-06	1.85238e-05	5.05137	3.7359	-1.51719e-05	7.65929e-06
0.86	0.618571	-0.786912	1.14563e-06	1.86004e-05	4.80801	4.04549	-1.4441e-05	6.72941e-06
0.87	0.666652	-0.746457	1.00122e-06	1.86677e-05	4.54565	4.33928	-1.36529e-05	5.84702e-06
0.88	0.712108	-0.703064	8.64689e-07	1.87262e-05	4.26529	4.61608	-1.28109e-05	5.01564e-06
0.89	0.754761	-0.656903	7.3658e-07	1.87763e-05	3.96805	4.87479	-1.19181e-05	4.2386e-06
0.9	0.794441	-0.608155	6.17399e-07	1.88187e-05	3.65509	5.11437	-1.09781e-05	3.519e-06
0.91	0.830992	-0.557011	5.07618e-07	1.88539e-05	3.32764	5.33387	-9.99463e-06	2.85974e-06
0.92	0.864269	-0.503673	4.07671e-07	1.88825e-05	2.98699	5.5324	-8.97149e-06	2.26346e-06
0.93	0.894139	-0.448349	3.17957e-07	1.89051e-05	2.63449	5.70916	-7.91276e-06	1.73256e-06
0.94	0.920484	-0.391257	2.38829e-07	1.89225e-05	2.27154	5.86344	-6.82262e-06	1.26917e-06
0.95	0.943199	-0.332623	1.70603e-07	1.89352e-05	1.89957	5.99463	-5.70538e-06	8.75149e-07
0.96	0.962195	-0.272677	1.13549e-07	1.89439e-05	1.52005	6.10218	-4.56549e-06	5.52092e-07
0.97	0.977395	-0.211655	6.78941e-08	1.89494e-05	1.13449	6.18568	-3.40747e-06	3.01299e-07
0.98	0.98874	-0.149798	3.38194e-08	1.89524e-05	0.744427	6.24479	-2.2359e-06	1.2378e-07
0.99	0.996184	-0.08735	1.14604e-08	1.89537e-05	0.351405	6.27926	-1.05545e-06	2.02507e-08
1	0.999698	-0.0245574	9.05916e-10	1.89539e-05	-0.0430127	6.28895	1.29189e-07	-8.87227e-09
1.01	0.999268	0.0383322	2.19781e-09	1.89538e-05	-0.437258	6.27384	1.31331e-06	3.65285e-08
1.02	0.994896	0.101071	1.53309e-08	1.89542e-05	-0.829765	6.23397	2.49221e-06	1.56269e-07
1.03	0.986598	0.16341	4.02531e-08	1.89557e-05	-1.21897	6.16951	3.66121e-06	3.49867e-07
1.04	0.974408	0.225105	7.68651e-08	1.89592e-05	-1.60333	6.08073	4.81565e-06	6.1654e-07
1.05	0.958375	0.285913	1.25022e-07	1.89654e-05	-1.98133	5.96797	5.95095e-06	9.55214e-07
1.06	0.938562	0.345592	1.84531e-07	1.89749e-05	-2.35145	5.83169	7.06261e-06	1.36452e-06
1.07	0.915047	0.403909	2.55157e-07	1.89886e-05	-2.71223	5.67245	8.14623e-06	1.84282e-06
1.08	0.887925	0.460634	3.3662e-07	1.9007e-05	-3.06225	5.49087	9.19751e-06	2.38818e-06
1.09	0.857303	0.515542	4.28595e-07	1.90309e-05	-3.40011	5.2877	1.02123e-05	2.9984e-06
1.1	0.823301	0.56842	5.30718e-07	1.90609e-05	-3.7245	5.06375	1.11866e-05	3.67104e-06
1.11	0.786056	0.619057	6.42584e-07	1.90976e-05	-4.03412	4.81992	1.21165e-05	4.4034e-06
1.12	0.745715	0.667256	7.63749e-07	1.91416e-05	-4.32776	4.55718	1.29985e-05	5.19255e-06
1.13	0.702438	0.712828	8.93734e-07	1.91935e-05	-4.60427	4.27659	1.3829e-05	6.03531e-06
1.14	0.656395	0.755594	1.03202e-06	1.92539e-05	-4.86256	3.97926	1.46048e-05	6.92833e-06
1.15	0.607769	0.795387	1.17807e-06	1.93232e-05	-5.10163	3.6664	1.53229e-05	7.86803e-06
1.16	0.556753	0.832051	1.3313e-06	1.94019e-05	-5.32056	3.33923	1.59804e-05	8.85067e-06
1.17	0.503548	0.865443	1.4911e-06	1.94904e-05	-5.51848	2.99908	1.65748e-05	9.87234e-06
1.18	0.448363	0.895434	1.65685e-06	1.95891e-05	-5.69463	2.64728	1.71039e-05	1.0929e-05
1.19	0.391416	0.921906	1.82789e-06	1.96984e-05	-5.84835	2.28523	1.75656e-05	1.20164e-05
1.2	0.332933	0.944759	2.00355e-06	1.98185e-05	-5.97904	1.91438	1.79582e-05	1.31303e-05
1.21	0.273143	0.963903	2.18313e-06	1.99498e-05	-6.08621	1.53618	1.82801e-05	1.42662e-05
1.22	0.21228	0.979264	2.36593e-06	2.00925e-05	-6.16947	1.15212	1.85301e-05	1.54197e-05
1.23	0.150586	0.990786	2.55123e-06	2.02467e-05	-6.2285	0.763734	1.87074e-05	1.65862e-05
1.24	0.0883008	0.998423	2.73831e-06	2.04126e-05	-6.26309	0.372532	1.88113e-05	1.77612e-05
1.25	0.0256699	1.00215	2.92642e-06	2.05902e-05	-6.27315	-0.0199457	1.88415e-05	1.894e-05
1.26	-0.0370616	1.00195	3.11483e-06	2.07796e-05	-6.25864	-0.412161	1.87979e-05	2.01181e-05
1.27	-0.099648	0.997827	3.30281e-06	2.09808e-05	-6.21965	-0.802579	1.86808e-05	2.12907e-05
1.28	-0.161844	0.989801	3.48962e-06	2.11937e-05	-6.15635	-1.18968	1.84907e-05	2.24533e-05
1.29	-0.223408	0.977905	3.67453e-06	2.14182e-05	-6.06901	-1.57195	1.82284e-05	2.36015e-05
1.3	-0.284098	0.962185	3.85681e-06	2.16542e-05	-5.958	-1.9479	1.7895e-05	2.47307e-05
1.31	-0.343678	0.942706	4.03576e-06	2.19015e-05	-5.82377	-2.31608	1.74918e-05	2.58365e-05
1.32	-0.401916	0.919545	4.21068e-06	2.21599e-05	-5.66687	-2.67505	1.70205e-05	2.69147e-05
1.33	-0.458585	0.892795	4.38089e-06	2.2429e-05	-5.48791	-3.02344	1.64831e-05	2.79611e-05
1.34	-0.513464	0.86256	4.54572e-06	2.27086e-05	-5.28762	-3.35989	1.58815e-05	2.89716e-05
1.35	-0.56634	0.828962	4.70453e-06	2.29984e-05	-5.0668	-3.68311	1.52182e-05	2.99424e-05
1.36	-0.617008	0.79213	4.85671e-06	2.32978e-05	-4.8263	-3.99184	1.44959e-05	3.08697e-05
1.37	-0.665271	0.752212	5.00167e-06	2.36065e-05	-4.56709	-4.28492	1.37174e-05	3.175e-05
1.38	-0.710942	0.709363	5.13885e-06	2.3924e-05	-4.29018	-4.56121	1.28856e-05	3.25798e-05
1.39	-0.753844	0.663751	5.2677e-06	2.42498e-05	-3.99665	-4.81964	1.2004e-05	3.3356e-05
1.4	-0.79381	0.615554	5.38774e-06	2.45833e-05	-3.68765	-5.05924	1.10759e-05	3.40757e-05
1.41	-0.830687	0.564962	5.4985e-06	2.49241e-05	-3.36439	-5.27909	1.0105e-05	3.4736e-05
1.42	-0.864331	0.512171	5.59955e-06	2.52715e-05	-3.02811	-5.47834	9.09499e-06	3.53344e-05
1.43	-0.894612	0.457388	5.6905e-06	2.56248e-05	-2.68013	-5.65624	8.04983e-06	3.58688e-05
1.44	-0.921413	0.400825	5.771e-06	2.59835e-05	-2.3218	-5.81211	6.97357e-06	3.63369e-05
1.45	-0.944631	0.342704	5.84074e-06	2.63469e-05	-1.9545	-5.94535	5.87038e-06	3.67371e-05
1.46	-0.964176	0.28325	5.89944e-06	2.67142e-05	-1.57965	-6.05546	4.74452e-06	3.70678e-05
1.47	-0.979973	0.222696	5.94689e-06	2.70849e-05	-1.19871	-6.14202	3.60034e-06	3.73278e-05
1.48	-0.99196	0.161276	5.98289e-06	2.74582e-05	-0.813137	-6.2047	2.44227e-06	3.7516e-05
1.49	-1.00009	0.0992287	6.00731e-06	2.78333e-05	-0.424427	-6.24325	1.27478e-06	3.76319e-05
1.5	-1.00434	0.0367962	6.02006e-06	2.82097e-05	-0.0340786	-6.25754	1.02356e-07	3.76748e-05
1.51	-1.00468	-0.0257793	6.02108e-06	2.85864e-05	0.356403	-6.24751	-1.07046e-06	3.76446e-05
1.52	-1.00111	-0.0882544	6.01038e-06	2.89629e-05	0.745512	-6.2132	-2.23916e-06	3.75416e-05
1.53	-0.993657	-0.150386	5.98799e-06	2.93383e-05	1.13175	-6.15473	-3.39922e-06	3.7366e-05
1.54	-0.982339	-0.211934	5.95399e-06	2.97119e-05	1.51362	-6.07234	-4.54617e-06	3.71185e-05
1.55	-0.967203	-0.272657	5.90853e-06	3.00831e-05	1.88964	-5.96632	-5.67559e-06	3.68001e-05
1.56	-0.948307	-0.33232	5.85178e-06	3.04511e-05	2.25838	-5.83709	-6.78309e-06	3.64119e-05
1.57	-0.925723	-0.390691	5.78395e-06	3.08152e-05	2.6184	-5.68514	-7.86441e-06	3.59556e-05
1.58	-0.899539	-0.447543	5.7053e-06	3.11748e-05	2.9683	-5.51104	-8.91536e-06	3.54326e-05
1.59	-0.869856	-0.502653	5.61615e-06	3.15291e-05	3.30674	-5.31546	-9.93185e-06	3.48452e-05
1.6	-0.836789	-0.555808	5.51683e-06	3.18776e-05	3.63239	-5.09915	-1.09099e-05	3.41955e-05
1.61	-0.800465	-0.606799	5.40773e-06	3.22195e-05	3.94399	-4.86293	-1.18458e-05	3.3486e-05
1.62	-0.761025	-0.655428	5.28927e-06	3.25544e-05	4.24033	-4.6077	-1.27359e-05	3.27194e-05
1.63	-0.718622	-0.701505	5.16191e-06	3.28816e-05	4.52024	-4.33444	-1.35766e-05	3.18987e-05
1.64	-0.673419	-0.74485	5.02615e-06	3.32006e-05	4.78264	-4.0442	-1.43647e-05	3.1027e-05
1.65	-0.625593	-0.785292	4.8825e-06	3.35108e-05	5.02649	-3.73809	-1.50972e-05	3.01076e-05
1.66	-0.575328	-0.822673	4.73153e-06	3.38119e-05	5.25083	-3.41729	-1.5771e-05	2.9144e-05
1.67	-0.52282	-0.856846	4.57382e-06	3.41034e-05	5.45478	-3.08303	-1.63835e-05	2.81401e-05
1.68	-0.468272	-0.887676	4.40998e-06	3.43848e-05	5.63752	-2.7366	-1.69324e-05	2.70996e-05
1.69	-0.411897	-0.915042	4.24066e-06	3.46558e-05	5.79833	-2.37934	-1.74154e-05	2.60265e-05
1.7	-0.353913	-0.938836	4.06651e-06	3.4916e-05	5.93657	-2.01264	-1.78306e-05	2.49251e-05
1.71	-0.294548	-0.958962	3.8882e-06	3.51653e-05	6.05167	-1.6379	-1.81763e-05	2.37996e-05
1.72	-0.234031	-0.975341	3.70644e-06	3.54033e-05	6.14316	-1.25659	-1.84511e-05	2.26543e-05
1.73	-0.172599	-0.987907	3.52193e-06	3.56298e-05	6.21067	-0.870189	-1.86539e-05	2.14938e-05
1.74	-0.110493	-0.996609	3.33539e-06	3.58447e-05	6.2539	-0.480203	-1.87837e-05	2.03224e-05
1.75	-0.0479537	-1.00141	3.14755e-06	3.6048e-05	6.27268	-0.088154	-1.88401e-05	1.91449e-05
1.76	0.014773	-1.00229	2.95915e-06	3.62394e-05	6.26689	0.304424	-1.88227e-05	1.79658e-05
1.77	0.077442	-0.999248	2.77092e-06	3.64191e-05	6.23655	0.695994	-1.87316e-05	1.67897e-05
1.78	0.139807	-0.992288	2.58361e-06	3.6587e-05	6.18174	1.08502	-1.8567e-05	1.56212e-05
1.79	0.201625	-0.981438	2.39794e-06	3.67432e-05	6.10266	1.46997	-1.83295e-05	1.4465e-05
1.8	0.262651	-0.966738	2.21464e-06	3.68878e-05	5.9996	1.84932	-1.80199e-05	1.33256e-05
1.81	0.322647	-0.948245	2.03444e-06	3.70211e-05	5.87294	2.22159	-1.76395e-05	1.22075e-05
1.82	0.381377	-0.926029	1.85805e-06	3.71432e-05	5.72316	2.58529	-1.71896e-05	1.11151e-05
1.83	0.438608	-0.900176	1.68615e-06	3.72543e-05	5.55082	2.939	-1.6672e-05	1.00528e-05
1.84	0.494117	-0.870786	1.51943e-06	3.73548e-05	5.3566	3.28129	-1.60887e-05	9.02469e-06
1.85	0.547683	-0.837973	1.35854e-06	3.74451e-05	5.14124	3.61082	-1.54418e-05	8.03494e-06
1.86	0.599095	-0.801865	1.20413e-06	3.75254e-05	4.90557	3.92628	-1.4734e-05	7.08748e-06
1.87	0.648151	-0.762602	1.05679e-06	3.75963e-05	4.6505	4.22639	-1.39679e-05	6.18607e-06
1.88	0.694656	-0.720338	9.17108e-07	3.76582e-05	4.37705	4.50997	-1.31465e-05	5.33433e-06
1.89	0.738426	-0.675239	7.85642e-07	3.77115e-05	4.08626	4.77589	-1.22732e-05	4.53565e-06
1.9	0.779289	-0.62748	6.6291e-07	3.77569e-05	3.7793	5.02307	-1.13512e-05	3.79323e-06
1.91	0.817082	-0.577249	5.49398e-07	3.77948e-05	3.45736	5.25053	-1.03842e-05	3.11005e-06
1.92	0.851655	-0.524744	4.45556e-07	3.78259e-05	3.1217	5.45736	-9.3761e-06	2.48885e-06
1.93	0.882872	-0.47017	3.51795e-07	3.78508e-05	2.77367	5.64272	-8.33077e-06	1.93212e-06
1.94	0.910609	-0.413743	2.68487e-07	3.78701e-05	2.41463	5.80586	-7.25238e-06	1.4421e-06
1.95	0.934755	-0.355684	1.95963e-07	3.78845e-05	2.046	5.94615	-6.14521e-06	1.02076e-06
1.96	0.955215	-0.296223	1.34511e-07	3.78948e-05	1.66925	6.063	-5.01363e-06	6.69799e-07
1.97	0.971908	-0.235593	8.43751e-08	3.79014e-05	1.28587	6.15594	-3.86214e-06	3.90629e-07
1.98	0.984767	-0.174033	4.57538e-08	3.79054e-05	0.897381	6.22461	-2.6953e-06	1.84375e-07
1.99	0.99374	-0.111787	1.88008e-08	3.79072e-05	0.505329	6.26873	-1.51776e-06	5.18674e-08
2	0.998794	-0.0491	3.62312e-09	3.79077e-05	0.111269	6.28812	-3.342e-07	-6.36072e-09
2.01	0.999906	0.0137812	2.81119e-10	3.79077e-05	-0.28323	6.2827	8.50686e-07	9.92506e-09
2.02	0.997074	0.0766082	8.78798e-09	3.79078e-05	-0.676601	6.25249	2.03218e-06	1.00658e-07
2.03	0.990308	0.139133	2.91098e-08	3.79088e-05	-1.06728	6.19761	3.2056e-06	2.65472e-07
2.04	0.979635	0.201109	6.11658e-08	3.79114e-05	-1.45372	6.1183	4.36627e-06	5.037e-07
2.05	0.965098	0.262292	1.04828e-07	3.79165e-05	-1.83437	6.01486	5.50958e-06	8.14382e-07
2.06	0.946754	0.322441	1.59924e-07	3.79246e-05	-2.20774	5.88771	6.631e-06	1.19626e-06
2.07	0.924677	0.381318	2.26234e-07	3.79366e-05	-2.57234	5.73737	7.72608e-06	1.64781e-06
2.08	0.898954	0.438692	3.03495e-07	3.7953e-05	-2.92673	5.56445	8.79049e-06	2.1672e-06
2.09	0.869686	0.494336	3.914e-07	3.79747e-05	-3.2695	5.36963	9.82001e-06	2.75234e-06
2.1	0.836991	0.548032	4.896e-07	3.80022e-05	-3.5993	5.1537	1.08106e-05	3.40089e-06
2.11	0.800998	0.599569	5.97706e-07	3.80362e-05	-3.91484	4.91753	1.17583e-05	4.11023e-06
2.12	0.76185	0.648745	7.15289e-07	3.80773e-05	-4.21486	4.66206	1.26594e-05	4.87753e-06
2.13	0.719701	0.695365	8.41883e-07	3.81261e-05	-4.49819	4.38833	1.35104e-05	5.6997e-06
2.14	0.674719	0.739248	9.76987e-07	3.81831e-05	-4.76373	4.09741	1.43079e-05	6.57347e-06
2.15	0.627082	0.780223	1.12007e-06	3.82489e-05	-5.01042	3.79048	1.50489e-05	7.49533e-06
2.16	0.576978	0.818127	1.27056e-06	3.83238e-05	-5.23732	3.46877	1.57304e-05	8.46162e-06
2.17	0.524605	0.852815	1.42786e-06	3.84084e-05	-5.44354	3.13354	1.63498e-05	9.46848e-06
2.18	0.470169	0.884151	1.59136e-06	3.85031e-05	-5.62829	2.78614	1.69047e-05	1.05119e-05
2.19	0.413886	0.912012	1.7604e-06	3.86082e-05	-5.79085	2.42794	1.73929e-05	1.15878e-05
2.2	0.355978	0.936291	1.93433e-06	3.87241e-05	-5.93061	2.06037	1.78127e-05	1.26918e-05
2.21	0.296672	0.956895	2.11246e-06	3.8851e-05	-6.04703	1.68488	1.81624e-05	1.38196e-05
2.22	0.236201	0.973744	2.29408e-06	3.89892e-05	-6.13968	1.30294	1.84406e-05	1.49667e-05
2.23	0.174805	0.986773	2.47849e-06	3.91389e-05	-6.20821	0.916081	1.86465e-05	1.61287e-05
2.24	0.112723	0.995934	2.66495e-06	3.93002e-05	-6.25238	0.525808	1.87792e-05	1.73008e-05
2.25	0.0501988	1.00119	2.85275e-06	3.94732e-05	-6.27204	0.133659	1.88382e-05	1.84787e-05
2.26	-0.0125217	1.00253	3.04113e-06	3.9658e-05	-6.26714	-0.25883	1.88235e-05	1.96575e-05
2.27	-0.0751931	0.99994	3.22936e-06	3.98545e-05	-6.23771	-0.650121	1.87351e-05	2.08328e-05
2.28	-0.13757	0.993439	3.41671e-06	4.00629e-05	-6.1839	-1.03869	1.85735e-05	2.19998e-05
2.29	-0.199409	0.983052	3.60245e-06	4.02829e-05	-6.10594	-1.42301	1.83393e-05	2.31542e-05
2.3	-0.260469	0.968822	3.78584e-06	4.05144e-05	-6.00415	-1.8016	1.80336e-05	2.42913e-05
2.31	-0.32051	0.950806	3.96618e-06	4.07573e-05	-5.87895	-2.17298	1.76575e-05	2.54067e-05
2.32	-0.3793	0.929076	4.14275e-06	4.10114e-05	-5.73085	-2.53572	1.72127e-05	2.64962e-05
2.33	-0.436608	0.903719	4.31488e-06	4.12763e-05	-5.56045	-2.8884	1.67009e-05	2.75555e-05
2.34	-0.492213	0.874835	4.48189e-06	4.15519e-05	-5.36843	-3.22968	1.61242e-05	2.85805e-05
2.35	-0.545897	0.842538	4.64313e-06	4.18377e-05	-5.15555	-3.55822	1.54848e-05	2.95673e-05
2.36	-0.597453	0.806956	4.79798e-06	4.21334e-05	-4.92266	-3.87276	1.47853e-05	3.0512e-05
2.37	-0.646679	0.768229	4.94583e-06	4.24385e-05	-4.67066	-4.1721	1.40284e-05	3.14111e-05
2.38	-0.693386	0.726508	5.08612e-06	4.27526e-05	-4.40056	-4.45508	1.32172e-05	3.22611e-05
2.39	-0.737391	0.681957	5.21829e-06	4.30752e-05	-4.11341	-4.72063	1.23547e-05	3.30586e-05
2.4	-0.778525	0.63475	5.34184e-06	4.34058e-05	-3.81034	-4.96771	1.14444e-05	3.38007e-05
2.41	-0.816629	0.585073	5.45628e-06	4.37438e-05	-3.49252	-5.1954	1.04898e-05	3.44846e-05
2.42	-0.851554	0.533119	5.56118e-06	4.40887e-05	-3.16119	-5.40281	9.4947e-06	3.51076e-05
2.43	-0.883166	0.479091	5.65613e-06	4.44397e-05	-2.81764	-5.58915	8.46285e-06	3.56673e-05
2.44	-0.911342	0.4232	5.74075e-06	4.47964e-05	-2.46321	-5.75372	7.39829e-06	3.61615e-05
2.45	-0.935974	0.365663	5.81474e-06	4.5158e-05	-2.09926	-5.89589	6.30515e-06	3.65885e-05
2.46	-0.956967	0.306704	5.87779e-06	4.55239e-05	-1.7272	-6.01512	5.18767e-06	3.69466e-05
2.47	-0.974239	0.246552	5.92967e-06	4.58934e-05	-1.34847	-6.11094	4.05016e-06	3.72345e-05
2.48	-0.987724	0.185443	5.97017e-06	4.62657e-05	-0.964537	-6.18301	2.897e-06	3.74509e-05
2.49	-0.997369	0.123613	5.99914e-06	4.66402e-05	-0.57688	-6.23104	1.73267e-06	3.75952e-05
2.5	-1.00314	0.0613026	6.01646e-06	4.70162e-05	-0.186994	-6.25484	5.61641e-07	3.76667e-05
2.51	-1.00501	-0.00124585	6.02208e-06	4.73929e-05	0.203615	-6.25434	-6.11562e-07	3.76652e-05
2.52	-1.00297	-0.0637893	6.01596e-06	4.77695e-05	0.593442	-6.22953	-1.78241e-06	3.75906e-05
2.53	-0.997037	-0.126085	5.99814e-06	4.81454e-05	0.980982	-6.1805	-2.9464e-06	3.74434e-05
2.54	-0.987227	-0.18789	5.96868e-06	4.85198e-05	1.36474	-6.10745	-4.09902e-06	3.7224e-05
2.55	-0.97358	-0.248964	5.92769e-06	4.88921e-05	1.74323	-6.01064	-5.23584e-06	3.69332e-05
2.56	-0.956148	-0.30907	5.87533e-06	4.92614e-05	2.115	-5.89045	-6.35245e-06	3.65722e-05
2.57	-0.934998	-0.367975	5.8118e-06	4.96271e-05	2.47861	-5.74733	-7.44455e-06	3.61423e-05
2.58	-0.910212	-0.425448	5.73736e-06	4.99886e-05	2.83264	-5.58183	-8.5079e-06	3.56453e-05
2.59	-0.881885	-0.481267	5.65228e-06	5.0345e-05	3.17573	-5.39458	-9.53838e-06	3.50828e-05
2.6	-0.850128	-0.535212	5.55689e-06	5.06958e-05	3.50655	-5.18629	-1.0532e-05	3.44572e-05
2.61	-0.815062	-0.587075	5.45157e-06	5.10404e-05	3.82381	-4.95776	-1.14849e-05	3.37708e-05
2.62	-0.776824	-0.636653	5.33673e-06	5.13781e-05	4.12627	-4.70985	-1.23933e-05	3.30263e-05
2.63	-0.735562	-0.683751	5.21279e-06	5.17084e-05	4.41275	-4.44353	-1.32538e-05	3.22264e-05
2.64	-0.691434	-0.728187	5.08025e-06	5.20306e-05	4.68214	-4.1598	-1.40629e-05	3.13742e-05
2.65	-0.644613	-0.769785	4.93963e-06	5.23444e-05	4.93338	-3.85976	-1.48175e-05	3.0473e-05
2.66	-0.595279	-0.808382	4.79145e-06	5.26491e-05	5.16547	-3.54456	-1.55146e-05	2.95263e-05
2.67	-0.543624	-0.843828	4.6363e-06	5.29444e-05	5.37751	-3.21541	-1.61515e-05	2.85377e-05
2.68	-0.489849	-0.875982	4.47479e-06	5.32298e-05	5.56865	-2.87358	-1.67256e-05	2.7511e-05
2.69	-0.434162	-0.904718	4.30753e-06	5.35049e-05	5.73814	-2.52039	-1.72346e-05	2.64502e-05
2.7	-0.376781	-0.929922	4.13519e-06	5.37694e-05	5.88528	-2.1572	-1.76766e-05	2.53593e-05
2.71	-0.317928	-0.951494	3.95842e-06	5.4023e-05	6.0095	-1.78543	-1.80497e-05	2.42427e-05
2.72	-0.257833	-0.969348	3.77793e-06	5.42654e-05	6.11029	-1.4065	-1.83524e-05	2.31046e-05
2.73	-0.19673	-0.983413	3.5944e-06	5.44964e-05	6.18722	-1.02191	-1.85834e-05	2.19494e-05
2.74	-0.134858	-0.993632	3.40857e-06	5.47159e-05	6.23999	-0.63313	-1.87419e-05	2.07817e-05
2.75	-0.0724582	-0.999964	3.22115e-06	5.49237e-05	6.26835	-0.241694	-1.88271e-05	1.96061e-05
2.76	-0.00977469	-1.00238	3.03288e-06	5.51198e-05	6.27218	0.150872	-1.88386e-05	1.8427e-05
2.77	0.0529471	-1.00087	2.84449e-06	5.53041e-05	6.25144	0.543032	-1.87763e-05	1.72491e-05
2.78	0.115461	-0.995441	2.65673e-06	5.54766e-05	6.20618	0.933246	-1.86404e-05	1.60771e-05
2.79	0.177523	-0.986109	2.47032e-06	5.56373e-05	6.13656	1.31998	-1.84313e-05	1.49155e-05
2.8	0.238889	-0.972909	2.28601e-06	5.57865e-05	6.04284	1.70172	-1.81498e-05	1.3769e-05
2.81	0.299317	-0.955892	2.10451e-06	5.59242e-05	5.92535	2.07694	-1.77969e-05	1.2642e-05
2.82	0.358571	-0.935123	1.92655e-06	5.60506e-05	5.78454	2.44418	-1.7374e-05	1.1539e-05
2.83	0.416416	-0.910681	1.75281e-06	5.6166e-05	5.62095	2.80197	-1.68826e-05	1.04643e-05
2.84	0.472626	-0.882661	1.58398e-06	5.62706e-05	5.4352	3.1489	-1.63247e-05	9.42233e-06
2.85	0.526978	-0.851172	1.42073e-06	5.63649e-05	5.228	3.48359	-1.57024e-05	8.41709e-06
2.86	0.579258	-0.816336	1.26371e-06	5.6449e-05	5.00016	3.80471	-1.50181e-05	7.45261e-06
2.87	0.629259	-0.778289	1.11353e-06	5.65236e-05	4.75255	4.11097	-1.42744e-05	6.53273e-06
2.88	0.676785	-0.737179	9.70783e-07	5.65889e-05	4.48616	4.40116	-1.34743e-05	5.66114e-06
2.89	0.721646	-0.693168	8.36041e-07	5.66455e-05	4.20201	4.67412	-1.26208e-05	4.84131e-06
2.9	0.763666	-0.646426	7.09832e-07	5.66939e-05	3.90122	4.92875	-1.17174e-05	4.07652e-06
2.91	0.802679	-0.597139	5.92658e-07	5.67347e-05	3.58498	5.16404	-1.07676e-05	3.36983e-06
2.92	0.838529	-0.545498	4.84983e-07	5.67684e-05	3.25453	5.37904	-9.77504e-06	2.72408e-06
2.93	0.871074	-0.491708	3.87232e-07	5.67956e-05	2.91117	5.57288	-8.74375e-06	2.14187e-06
2.94	0.900185	-0.435979	2.99795e-07	5.6817e-05	2.55626	5.74479	-7.67776e-06	1.62552e-06
2.95	0.925748	-0.378531	2.23017e-07	5.68333e-05	2.1912	5.89409	-6.58131e-06	1.17712e-06
2.96	0.94766	-0.319591	1.57204e-07	5.68451e-05	1.81744	6.02015	-5.45873e-06	7.98474e-07
2.97	0.965834	-0.259389	1.02617e-07	5.6853e-05	1.43647	6.12249	-4.31447e-06	4.91099e-07
2.98	0.980199	-0.198164	5.94723e-08	5.6858e-05	1.04979	6.20069	-3.15307e-06	2.56236e-07
2.99	0.990697	-0.136157	2.79415e-08	5.68605e-05	0.658946	6.25443	-1.97916e-06	9.48308e-08
3	0.997287	-0.0736129	8.14996e-09	5.68615e-05	0.265484	6.28349	-7.97387e-07	7.53314e-09
